视频内弹幕出现时间,弹幕类型,弹幕字号,弹幕颜色,弹幕发送时间,弹幕池类型,发送者UID的HASH,弹幕dmID,弹幕内容
459.716,普通弹幕,中,白,1603720765,0,235f5684,40149235880427525,硬币质量不错
162.766,普通弹幕,中,白,1603717874,0,2ae8633f,40147720115585027,哔哩哔哩-(゜-゜)つロ乾杯
1190.036,普通弹幕,中,黄,1603717713,0,2ac00abf,40147636012974087,劫匪：下面挺好看的
1093.314,普通弹幕,中,红,1603717576,0,2ac00abf,40147564283559943,饼，危
886.083,普通弹幕,中,白,1603717340,0,54eda517,40147440418422787,军火库
200.283,普通弹幕,中,白,1603709400,0,e4bca529,40143277640908803,哔哩哔哩 - (゜- ゜)つロ 乾杯~
341.994,底部弹幕,中,白,1603705039,0,15439513,40140991055265799,全是女的……
282.056,底部弹幕,中,白,1603704945,0,15439513,40140941895925763,安全裤呜呜呜
999.405,普通弹幕,中,白,1603696050,0,7bd8f455,40136278123479043,哈哈
126.7,普通弹幕,中,白,1603690946,0,24cc6e12,40133602556510277,甲级门的
169.971,普通弹幕,中,白,1603690884,0,47527e7a,40133569699905541,哔哩哔哩干杯！
959.477,普通弹幕,中,白,1603688190,0,56200c3e,40132157644996615,啊这。。。。
201.493,普通弹幕,中,白,1603684530,0,9218d994,40130238518132741,ビィビィガンベイ
17.215,普通弹幕,中,白,1603678464,0,7ca88f7a,40127058396839943,1集了
5.622,普通弹幕,中,白,1603646961,0,cc67a16e,40110541298466821,梦开始
1075.386,普通弹幕,中,白,1603644708,0,c27a26d9,40109360210247685,这一嘴细节
2.687,普通弹幕,中,白,1603639914,0,70f93a3,40106846762565635,啊这
1353.521,底部弹幕,中,红,1603638392,0,aa59c948,40106048670400517,学海无涯，回头是岸
165.337,底部弹幕,中,红,1603638206,0,a2a64427,40105951539232771,爷不挑o啦！！！！！
1031.227,普通弹幕,中,白,1603637174,0,7a894eba,40105410120646659,来一箱纳豆
870.575,普通弹幕,中,红,1603635200,0,f710006a,40104375537369095,电车指导:新海诚
870.575,普通弹幕,中,红,1603635168,0,f710006a,40104358477561925,电池
77.944,普通弹幕,中,白,1603632636,0,7725aac8,40103031238295557,小场面
205.456,普通弹幕,中,白,1603632201,0,cb9a82e0,40102803242221571,哔哩哔哩
327.804,普通弹幕,中,白,1603631437,0,a048424c,40102402290352133,刻在DNA里的bgm
75.814,普通弹幕,中,白,1603631118,0,a048424c,40102235119550467,某科学的光速打脸
1.498,普通弹幕,中,白,1603631029,0,a048424c,40102188351488005,温故而知新
483.995,普通弹幕,中,白,1603627014,0,382d5023,40100083811221511,下次丕定
1023.906,普通弹幕,中,白,1603625888,0,32cb4283,40099492969578499,泪爷真好
383.394,普通弹幕,中,白,1603624894,0,871b66c8,40098972057993223,光子~~
925.509,普通弹幕,中,绿,1603624146,0,2ac00abf,40098579654115331,呱呱呱
61.578,普通弹幕,中,白,1603623381,0,765d6f99,40098178806054915,python
564.834,普通弹幕,中,白,1603623312,0,c34e61a5,40098142791663623,有教主[doge]
222.619,普通弹幕,中,白,1603618123,0,820aecf2,40095422149033989,明示投币
25.318,普通弹幕,中,白,1603616484,0,d6bcac88,40094562650685443,小混混，学园都市高危职业
5.974,普通弹幕,中,白,1603616354,0,adb92536,40094494669930503,121
151.571,普通弹幕,中,白,1603616257,0,fa2be00a,40094443676631043,正片开始
1236.37,普通弹幕,中,红,1603616173,0,87ab875b,40094399818891271,兄弟，一路走好
546.877,普通弹幕,中,黄,1603615475,0,87ab875b,40094033730600967,谢谢报告
61.374,普通弹幕,中,黄,1603614961,0,87ab875b,40093764457857029,四蛋都
1418.07,普通弹幕,中,白,1603609216,0,258f09ee,40090752020119557,下集见
1289.83,普通弹幕,中,白,1603609211,0,ed0087c9,40090749872111623,投币啊兄弟们
959.391,普通弹幕,中,白,1603606576,0,2a154385,40089368138874885,孤寡孤寡孤寡
950.918,普通弹幕,中,白,1603606568,0,2a154385,40089363699728387,教科书式傲娇
779.312,普通弹幕,中,白,1603606379,0,2a154385,40089264994123779,电脑配件
1078.418,底部弹幕,中,白,1603605019,0,2882e831,40088551969259523,仔细看，黑子只是把饼吃了，包装纸顺手扔了
156.642,普通弹幕,中,白,1603603372,0,f2a8dad5,40087688239906821,熟悉的音乐
185.634,普通弹幕,中,白,1603602880,0,1d09bf98,40087430114574339,哔哩哔哩( ゜- ゜)つロ乾杯～
959.358,普通弹幕,中,白,1603600892,0,ca195c3a,40086387953238021,鹅鹅鹅鹅
17.54,底部弹幕,中,黄,1603599483,0,8fb5f4c6,40085649273389059,从超炮T回来，温故而知新
1.099,底部弹幕,中,黄,1603599433,0,8fb5f4c6,40085623097786375,梦开始的地方！！！
154.182,普通弹幕,中,白,1603596952,0,e5de7a71,40084322406891523,ohhhhhhhh
1106.92,普通弹幕,中,白,1603586554,0,df3e0cfc,40078870655795205,银行抢劫犯的声优是大乔哦
1001.935,普通弹幕,中,红,1603586169,0,4b316d36,40078669097992199,御失去了梦想hhh
989.336,普通弹幕,中,红,1603586139,0,4b316d36,40078653188997123,果然面子很重要
775.599,普通弹幕,中,白,1603583098,0,4d4893ec,40077059093430279,电脑配件
659.829,底部弹幕,中,橙,1603555568,0,2fcb50af,40062625284358149,哈鸡墨
601.535,底部弹幕,中,橙,1603555508,0,2fcb50af,40062593910439941,这视角也是牛
419.591,底部弹幕,中,橙,1603555206,0,2fcb50af,40062435264561159,看清楚了，并没有挤出外形，lsp给了差评
71.331,普通弹幕,中,白,1603552880,0,3f30747f,40061216175947779,C++
468.897,普通弹幕,中,黄,1603549646,0,2b633f1,40059520566165509,啊，天堂啊
417.574,底部弹幕,中,黄,1603549541,0,97b91f7a,40059465292578819,好大…
472.036,普通弹幕,中,白,1603547229,0,a0ecc7b4,40058253161267203,前面正好说反了，厉害的不是一方通行，而且他的能力，他的能力明确说过是最强能力
970.13,普通弹幕,中,红,1603546308,0,af855f4d,40057770484957189,耳朵怀孕了
1352.958,普通弹幕,中,粉,1603544477,0,f5239eb1,40056810609573893,贝蒂
1185.361,底部弹幕,中,红,1603543237,0,cf2fcfc7,40056160026361863,动作指导:波风水门
1117.721,底部弹幕,中,红,1603543036,0,cf2fcfc7,40056054942793733,说蝎的笑死
275.124,普通弹幕,中,白,1603541869,0,48b4ab4b,40055443121242119,名场面
164.718,普通弹幕,中,白,1603539283,0,f36c1138,40054087396360197,只看亿遍
1242.186,底部弹幕,中,红,1603537569,0,c4a8f7d,40053188620451845,壮士一路走好
1232.806,底部弹幕,中,红,1603537552,0,c4a8f7d,40053179916746755,劫匪危
871.294,普通弹幕,中,白,1603537260,0,c4a8f7d,40053026451357701,去买点核弹
179.225,普通弹幕,中,白,1603537047,0,5b872765,40052914763333639,乾杯
148.89,普通弹幕,中,白,1603537006,0,5b872765,40052893210378247,开始核爆
547.229,底部弹幕,中,红,1603535960,0,327652b5,40052344781012999,闭眼新世界
772.629,普通弹幕,中,黄,1603535434,0,2ac00abf,40052069247221765,电脑配件
771.965,普通弹幕,中,白,1603535387,0,2ac00abf,40052044773982215,dd
36.699,普通弹幕,中,白,1603535208,0,2b546fd1,40051950925905923,梦开始的地方
454.769,底部弹幕,中,红,1603533947,0,f2a4b8ee,40051289774096389,明示投币
1039.159,普通弹幕,中,白,1603533860,0,99738cd6,40051244228149255,来一箱纳豆
226.958,底部弹幕,中,红,1603533760,0,f2a4b8ee,40051191320150021,明示投币，快投币！
766.159,普通弹幕,中,青,1603533196,0,e72bf028,40050895912173575,初春——工具人
1310.98,普通弹幕,中,白,1603531137,0,5f41e0a3,40049816254283783,坂田联队
66.08,普通弹幕,中,白,1603530845,0,c4a8f7d,40049663083544579,“安心”
61.58,普通弹幕,中,白,1603530833,0,c4a8f7d,40049657127632903,“万全”
22.66,普通弹幕,中,白,1603530778,0,c4a8f7d,40049628222062599,出现了，夹击妹特
27.3,普通弹幕,中,白,1603530764,0,895671fb,40049620967489541,呼应结尾
17.9,普通弹幕,中,白,1603530759,0,c4a8f7d,40049618357059591,从超炮T回来，温故而知新，可以为师矣
147.9,普通弹幕,中,白,1603529454,0,8711970,40048933828296707,按照规矩，只看一遍
1125.416,底部弹幕,中,红,1603529199,0,cf19b9fd,40048800363446279,快跑啊！！！
1438.02,普通弹幕,中,白,1603528931,0,54bcb045,40048659953876997,117人观看
189.588,普通弹幕,中,白,1603528622,0,54bcb045,40048497689362439,好听
20.68,普通弹幕,中,白,1603523421,0,b36b4886,40045770821337091,混混    危
566.616,普通弹幕,中,白,1603522992,0,d038bc0c,40045546254106629,呆唯！
525.792,普通弹幕,中,红,1603517811,0,a4914a26,40042829974601731,摄影师和服装师今天晚上和梁非凡一桌
1359.86,普通弹幕,中,白,1603514998,0,e36e5867,40041355076960261,正道的光
197.011,普通弹幕,中,白,1603512373,0,be083a8c,40039978803658755,哔哩哔哩( ゜- ゜)つロ 乾杯、
331.982,普通弹幕,中,白,1603511116,0,f6d397cc,40039319533518855,常磐庄吾
1404.513,普通弹幕,中,白,1603507442,0,765d84ab,40037393207656453,假的
750.55,普通弹幕,中,红,1603473072,0,3745737d,40019373741047813,以下内容要求全文背诵
7.738,普通弹幕,中,白,1603471413,0,9915053b,40018503634255875,开始的地方
1273.593,普通弹幕,中,红,1603465016,0,77e5b421,40015149985169413,一路走好
944.193,底部弹幕,中,绿,1603460050,0,bc368fe7,40012546465333255,呱呱呱呱呱
0.14,普通弹幕,中,白,1603459285,0,dae09738,40012144985505795,9900万贺电！
1016.509,普通弹幕,中,白,1603458837,0,4c3892b2,40011910539116551,此时有一位apple失去了梦想。
168.189,普通弹幕,中,白,1603458740,0,a4feff83,40011859553157125,原来是出自这里的！！
169.382,普通弹幕,中,白,1603453528,0,fbfd5e07,40009126914818051,哔哩哔哩( ゜- ゜)つロ乾杯
174.213,普通弹幕,中,白,1603451570,0,eb837b04,40008100356292611,刚才，核爆
1426.087,普通弹幕,中,白,1603447643,0,69906d74,40006041218318339,梦结束的地方
767.341,普通弹幕,中,红,1603445802,0,69e93d0c,40005076272545795,绝逼是贝蒂
1004.469,普通弹幕,中,白,1603443513,0,9102ed82,40003876368678919,哈哈哈哈哈
1138.367,普通弹幕,中,白,1603431524,0,c823eb56,39997590450733059,连劫匪也快成稀有物种了嘛
1036.348,普通弹幕,中,白,1603431337,0,c823eb56,39997492322369541,梦想恢复
954.441,普通弹幕,中,白,1603431255,0,c823eb56,39997449365880835,教科书式傲娇！！！
1509.743,底部弹幕,中,白,1603424825,0,1e962c86,39994078064017415,lsp们
1239.66,底部弹幕,中,白,1603424675,0,1e962c86,39993999616901127,壮士一路走好
457.998,普通弹幕,中,白,1603424280,0,1e962c86,39993792453935107,下次丕定
2.255,普通弹幕,中,白,1603424013,0,1e962c86,39993652710211591,梦开始的地方
1006.73,普通弹幕,中,白,1603421328,0,60918557,39992244722728963,哈哈哈
142.94,普通弹幕,中,白,1603403991,0,60b59361,39983155292667911,神曲！
89.94,普通弹幕,中,白,1603403934,0,60b59361,39983125312831495,黑子！
64.139,普通弹幕,中,白,1603403906,0,60b59361,39983110598688771,万全
60.74,普通弹幕,中,白,1603403899,0,60b59361,39983107036151813,中国功夫
155.276,普通弹幕,中,白,1603383076,0,9c0a7c48,39972189504536583,梦开始的地方
174.351,普通弹幕,中,白,1603379233,0,bc368fe7,39970175002869765,哔哩哔哩干杯！
511.714,普通弹幕,中,白,1603377386,0,68a7d4b7,39969206753034245,这里被裁了
27.523,普通弹幕,中,白,1603376502,0,68a7d4b7,39968742879789063,首尾呼应
471.431,普通弹幕,中,白,1603373816,0,75821d15,39967334783254535,万恶之源
163.937,普通弹幕,中,白,1603373517,0,75821d15,39967178056794119,哔哩哔哩
209.919,普通弹幕,中,白,1603361366,0,a2170b9,39960807564378115,哔哩哔哩-(゜-゜)つロ乾杯~
508.721,普通弹幕,中,红,1603361185,0,f0091210,39960712774156295,前方高能
145.377,普通弹幕,中,红,1603360882,0,f0091210,39960553847783429,姐姐大人
28.632,普通弹幕,中,红,1603360795,0,f0091210,39960507861958659,梦的彼岸
632.758,普通弹幕,中,白,1603352760,0,8b6911e3,39956295727448071,hop
12.068,普通弹幕,中,白,1603346611,0,3751e33c,39953071736356867,梦重新开始
472.452,普通弹幕,中,白,1603339685,0,96b2bad8,39949440598933507,居然没有圣骑，针不戳
292.467,普通弹幕,中,白,1603339456,0,96b2bad8,39949320391753735,说得好
1126.76,普通弹幕,中,白,1603337777,0,b53bcd49,39948439808114695,危！！！！
162.449,普通弹幕,中,白,1603290670,0,d0ee6fd4,39923742315905027,专门来听歌得
137.95,普通弹幕,中,白,1603284543,0,da79116e,39920530278055939,热心的姐姐
507.561,普通弹幕,中,白,1603282342,0,6bb401c,39919376070082567,胸不平何以平天下
894.062,普通弹幕,中,白,1603280269,0,5d6199e9,39918289311236099,哈哈哈哈哈
1318.625,普通弹幕,中,白,1603280186,0,ee7e7d77,39918245617074181,钢针过穿（雾）
485.372,普通弹幕,中,白,1603277928,0,ee7e7d77,39917062121848837,就不能去阿伯丁测吗（雾）
454.417,普通弹幕,中,白,1603277851,0,ee7e7d77,39917021408788483,这是APFSDS吗
176.89,普通弹幕,中,白,1603274731,0,313c7677,39915385625509891,炮姐赛高
999.745,普通弹幕,中,白,1603264839,0,2bd530d6,39910199563649027,标准orz
0.379,底部弹幕,中,黄,1603264815,0,992d24d7,39910186870112259,梦开始的地方！
346.38,普通弹幕,中,白,1603263987,0,2bd530d6,39909752625954823,康斯坦丁
283.136,底部弹幕,中,黄,1603262368,0,e6fac563,39908903891763203,西撒？
144.678,普通弹幕,中,白,1603260583,0,934f7647,39907967956418565,正片开始
913.69,普通弹幕,中,白,1603250009,0,98b0fff,39902424174952455,对上了
1303.158,普通弹幕,中,白,1603241943,0,806cb1ff,39898195557875717,大爷笑了一下
801.92,普通弹幕,中,白,1603216567,0,8f4de52b,39884891178926085,高须龙儿
594.515,普通弹幕,中,白,1603216358,0,8f4de52b,39884781737476103,初春好像是保温？
213.526,普通弹幕,中,白,1603207979,0,a6ea18a2,39880388685856775,33哔哩哔哩(゜-゜)つロ 干杯~
195.036,普通弹幕,中,白,1603207961,0,a6ea18a2,39880378986004483,哔哩哔哩(゜-゜)つロ 干杯~
168.78,普通弹幕,中,白,1603204401,0,a6349521,39878512414818307,好久没听了
266.083,普通弹幕,中,白,1603201580,0,6097a5ca,39877033527869445, 讲的是什么剧情啊
1280.741,普通弹幕,中,白,1603198380,0,166dd0e0,39875356071559175,热心市民雷电法王杨美琴
472.298,普通弹幕,中,白,1603193798,0,ab61f878,39872953370279939,谢谢款待
177.976,普通弹幕,中,白,1603189225,0,ce77626,39870555802828805,哔哩哔哩 干杯
274.008,普通弹幕,中,白,1603186449,0,7e46af86,39869100741099527,读作黑子，写为变态，意为真爱
1426.01,底部弹幕,中,红,1603185426,0,e4ccf7c9,39868564280180743,亲下去了
180.476,普通弹幕,中,白,1603176445,0,89f8fc5,39863855741927427,哔哩哔哩 (゜-゜)つロ 干杯~
365.84,普通弹幕,中,白,1603168327,0,5509d31e,39859599618605059,。。
102.697,普通弹幕,中,白,1603168230,0,acd294cc,39859548538798087,awsl
1421.067,普通弹幕,中,白,1603168149,0,261e9840,39859506175803395,红红火火恍恍惚惚
1393.537,普通弹幕,中,白,1603154127,0,7517e4de,39852154616807427,上一个无敌的已经在峡谷被削成孙子了
290.35,普通弹幕,中,黄,1603151986,0,d90c2a1f,39851032181211141,说的好
301.39,普通弹幕,中,白,1603127395,0,90b4bf69,39838139526152195,不知道裙子是四维空间裙？硬币还用放在安全裤里？
190.124,普通弹幕,中,白,1603124084,0,f9347cae,39836403374227463,哔哩哔哩-(゜-゜)つロ乾杯~ 
57.804,底部弹幕,中,白,1603121172,0,c82082e4,39834876482945031,C++!!!
1128.76,普通弹幕,中,白,1603113541,0,85ae79b,39830875599273987,那个有点像琉璃琥
268.939,普通弹幕,中,白,1603112510,0,8fc974f9,39830335182602243,是贝蒂哦
197.242,普通弹幕,中,白,1603110430,0,9300eb55,39829244497887235,哔哩哔哩-(゜-゜)つロ乾杯~
65.401,普通弹幕,中,白,1603110298,0,9300eb55,39829175395155975,e语言
178.322,普通弹幕,中,白,1603108271,0,30648301,39828113004167175,awsl
166.626,普通弹幕,中,白,1603105482,0,f7aa8884,39826650618658821,梦开始的地方
476.277,普通弹幕,中,黄,1603104821,0,cd5a6989,39826304265093127,绅士们
1309.313,普通弹幕,中,白,1603102555,0,bd2cf644,39825116223242245,啊，万能的安全裤
1103.27,普通弹幕,中,白,1603097171,0,a1dcd984,39822292955955205,哪里抢不好，偏偏到超能力城市抢
28.062,底部弹幕,中,白,1603082473,0,285c2380,39814587116158983,主角标准台词
505.537,底部弹幕,中,黄,1603060043,0,b1c5be32,39802827621007365,櫻花归来~
206.82,普通弹幕,中,白,1603045404,0,aa039b76,39795152644472837,哔哩哔哩 （゜-゜）つロ 干杯~-
204.179,普通弹幕,中,白,1603045399,0,aa039b76,39795149930758149,哔哩哔哩 （゜-゜）つロ 干杯~-
1250.222,普通弹幕,中,白,1603032680,0,edc03ab,39788481232764931,危 劫匪 危
1236.87,普通弹幕,中,白,1603032656,0,edc03ab,39788468905705479,壮士一路走好
939.508,普通弹幕,中,白,1603032320,0,edc03ab,39788292365352965,光速打脸
935.143,普通弹幕,中,白,1603032301,0,edc03ab,39788282522894341,傲娇
460.968,普通弹幕,中,白,1603031814,0,edc03ab,39788027544338439,明示投币
790.707,普通弹幕,中,红,1603031318,0,3f66aae6,39787767517413379,表情指导:蜡笔小新
739.855,普通弹幕,中,红,1603031257,0,3f66aae6,39787735243816963,贝蒂
236.182,普通弹幕,中,红,1603030753,0,3f66aae6,39787471158378501,哔哩哔哩-(゜-゜)つロ乾杯~
514.767,普通弹幕,中,白,1603028342,0,1afc168d,39786206807982083,这里有两个搓衣板
182.083,普通弹幕,中,白,1603027868,0,c1987c01,39785958336888835,做的这么细致 一抖一抖的
977.632,普通弹幕,中,白,1603027435,0,12cba72f,39785731301310469,双马尾呢
960.184,普通弹幕,中,白,1603027417,0,12cba72f,39785722157727747,老傲娇了
941.112,普通弹幕,中,白,1603027398,0,12cba72f,39785712161652739,傲娇
218.942,普通弹幕,中,白,1603025790,0,32db703,39784869207212039,哔哩哔哩-(゜-゜)つロ乾杯~
390.844,普通弹幕,中,白,1603023790,0,d67c85e6,39783820572491779,哈哈哈哈哈
153.532,普通弹幕,中,白,1603023521,0,d67c85e6,39783679626051591,好听！！！！！！
411.108,普通弹幕,中,白,1603022994,0,b3f5f5ce,39783403018518531,其实御坂美琴以前也是一级的
324.588,普通弹幕,中,白,1603022847,0,b3f5f5ce,39783325880549379,御坂美琴是电力史白井黑子是瞬间移动
277.348,普通弹幕,中,白,1603022739,0,b3f5f5ce,39783269646991365,前方高能预警
275.628,普通弹幕,中,白,1603022726,0,b3f5f5ce,39783262502518787,印第安扑克
689.225,普通弹幕,中,白,1603022651,0,354fe274,39783223410032647,还是雪乃好
112.5,普通弹幕,中,白,1603022527,0,54f842be,39783158077980675,贝蒂
110.34,普通弹幕,中,白,1603022519,0,54f842be,39783154222891011,贝蒂
62.86,普通弹幕,中,白,1603019698,0,d0e35455,39781674960027653,魔法！
685.651,普通弹幕,中,白,1603015874,0,400683fd,39779670041821191,其实泪爷说的对，只不过是超炮给美琴美化了，实际上美琴刚开始确实这性格
1360.521,普通弹幕,中,白,1603014728,0,edc3dd6c,39779069110255623,正道的光
928.041,普通弹幕,中,白,1603014289,0,edc3dd6c,39778839343661059,呱太
202.979,普通弹幕,中,白,1603014130,0,67da334f,39778756055269379,哔哩哔哩( ゜- ゜)つロ乾杯
191.919,普通弹幕,中,白,1603014093,0,67da334f,39778736166404099,哔哩哔哩( ゜- ゜)つロ乾杯
646.321,普通弹幕,中,白,1603013983,0,edc3dd6c,39778678609543171,nice啊
455.721,普通弹幕,中,白,1603013758,0,edc3dd6c,39778560759037955,啊这啊这啊这
107.14,普通弹幕,中,白,1603013507,0,edc3dd6c,39778428951461893,越可爱打架越狠嘛
91.179,普通弹幕,中,白,1603013476,0,edc3dd6c,39778413182976003,果然安全
81.68,普通弹幕,中,白,1603013461,0,edc3dd6c,39778405319180291,安心啊
1012.004,普通弹幕,中,白,1603012147,0,21a17cf7,39777716011532295,炮姐
1266.177,普通弹幕,中,白,1603010361,0,d16d53ff,39776779676680197,热心市民御坂美琴
733.508,普通弹幕,中,白,1603010162,0,6ca8383b,39776675512713221,这声音！！！太像碧萝思了吧
532.041,普通弹幕,中,白,1603010023,0,d16d53ff,39776602698547207,上升气流
469.237,普通弹幕,中,白,1603009969,0,d16d53ff,39776574442569735,天堂
74.27,普通弹幕,中,白,1603009911,0,cd5a6989,39776543647989763,安全
158.663,底部弹幕,中,白,1603005064,0,a74f9f71,39774002420908037,哔哩哔哩 - ( ゜- ゜)つロ 乾杯~
134.43,底部弹幕,中,白,1603005035,0,a74f9f71,39773987396386823,爱情
118.636,底部弹幕,中,白,1603005009,0,a74f9f71,39773973841444871,贝蒂！
39.548,普通弹幕,中,白,1603003923,0,a048424c,39773404330983427,巨大的实验都市，真的很黑暗啊
1368.016,普通弹幕,中,白,1603002713,0,25a0de8c,39772770262319107,啥啥啥
64.702,普通弹幕,中,白,1603002664,0,7aaef7f6,39772744564867079,x学院
69.092,普通弹幕,中,白,1603001457,0,18fa334c,39772111375433733,魔法书进目录
737.044,普通弹幕,中,白,1602999704,0,684f8f6d,39771192181129221,737373
66.224,普通弹幕,中,白,1602999425,0,cb923b7a,39771045959827461,打脸了。
1390.74,普通弹幕,中,白,1602998337,0,d1c45f94,39770475563843589,上一个无敌的已经开始带娃了
28.054,普通弹幕,中,白,1602996435,0,57e9e213,39769478604521475,温故而知新
36.82,普通弹幕,中,白,1602994212,0,3cc8dfca,39768312798248963,梦开始了
184.98,普通弹幕,中,白,1602988490,0,f5cb8998,39765312868974599,哔哩哔哩淦杯
1250.872,普通弹幕,中,白,1602987401,0,75e909b3,39764742366035973,劫匪一路走好
770.957,普通弹幕,中,白,1602986887,0,75e909b3,39764472459952131,啊这
141.459,普通弹幕,中,白,1602980478,0,4abbc74d,39761112469078023,黑子？？？
254.104,普通弹幕,中,白,1602979580,0,fd3b4ca0,39760641611792391,贝蒂的声优
236.057,底部弹幕,中,白,1602976834,0,98e8444c,39759201851408389,红王看op
1248.478,普通弹幕,中,白,1602974957,0,dc940aa8,39758217899147267,壮士一去兮不复还
1241.168,普通弹幕,中,白,1602955792,0,a89d9cd9,39748169932210183,壮士...一路走好
1108.072,普通弹幕,中,白,1602955632,0,a89d9cd9,39748085916631047,哥几个...连辆车都不准备么
442.514,普通弹幕,中,白,1602954457,0,a89d9cd9,39747469794869255,"比美国的黑鸟战机还要快,大于三马赫"
441.339,普通弹幕,中,白,1602954125,0,8398b74,39747295885393925,炮姐伤害最高的不是投硬币
23.048,普通弹幕,中,白,1602953886,0,a89d9cd9,39747170651340807,快跑啊!小混混!
31.279,普通弹幕,中,白,1602953672,0,8398b74,39747058202574853,小混混，快跑啊
1314.772,普通弹幕,中,白,1602950965,0,863b685c,39745639294173189,下一个无敌的已经变成冰箱了
9.364,普通弹幕,中,白,1602949769,0,1e6b4903,39745011876626437,在回来看亿集
159.058,普通弹幕,中,白,1602947797,0,34ddeeb1,39743978135355399,哔哩哔哩 - ( ゜- ゜)つロ 乾杯~
1487.862,普通弹幕,中,白,1602946512,0,6545dce,39743304474558469,哈哈哈诈尸
275.782,普通弹幕,中,白,1602945411,0,36aa867d,39742727108165637,危！
7.396,普通弹幕,中,白,1602945142,0,36aa867d,39742586418626567,梦开始了
161.317,普通弹幕,中,白,1602943349,0,a4397e39,39741646134312963,南条爱乃
18.212,普通弹幕,中,白,1602941574,0,641418db,39740715479072771,梦开始的敌方
585.201,普通弹幕,中,白,1602941281,0,56bf525,39740562218156039,谁不是LSP人人都是LSP
192.613,普通弹幕,中,白,1602940335,0,5ebec95b,39740066105917445,永远听不腻
155.602,普通弹幕,中,白,1602940278,0,a57b6b8c,39740036142858245,哔哩哔哩  乾杯    (=^▽^=)~~~
104.295,普通弹幕,中,白,1602940236,0,5ebec95b,39740014197211205,混混是高危职业
1361.332,普通弹幕,中,白,1602934528,0,a28b0052,39737021453828099,幻想御手？？！
164.217,普通弹幕,中,白,1602934305,0,934bb3f1,39736904527118339,哔哩哔哩(゜-゜)つロ 干杯~
1002.663,普通弹幕,中,白,1602934207,0,a28b0052,39736853148991493,呱形毕露
187.14,普通弹幕,中,白,1602934041,0,a4e9fcb3,39736766193729543,！！
588.686,普通弹幕,中,白,1602933907,0,a28b0052,39736695873601541,不，那是本体
418.856,普通弹幕,中,白,1602932744,0,c8a33e86,39736085900165123,光子非常好的
499.864,普通弹幕,中,白,1602932295,0,d7c8cdd8,39735850489085955,玩不起 是吗
562.365,普通弹幕,中,白,1602932178,0,b5013c67,39735789420544003,好可爱啊啊
1434.548,普通弹幕,中,白,1602929183,0,d6a0eefb,39734218957258757,老规矩 ，只听一遍
947.073,普通弹幕,中,白,1602926033,0,8c7fc16,39732567473127429,呱呱呱
152.973,底部弹幕,中,红,1602925863,0,feb261ce,39732478664507395,刻入DNA的OP
494.035,普通弹幕,中,白,1602924888,0,cc3be338,39731967029149699,狙击手：建议使用穿甲弹
412.286,普通弹幕,中,白,1602924770,0,cc3be338,39731905226604549,原地起飞
393.073,普通弹幕,中,白,1602924496,0,a5d05ddd,39731762043551747,腌萝卜
626.792,底部弹幕,中,白,1602921032,0,fc4791d9,39729945499926531,一一一
1360.728,底部弹幕,中,深蓝,1602917836,0,52ecfce7,39728269939965955,皇   室   战   争
1308.164,普通弹幕,中,深蓝,1602917699,0,52ecfce7,39728198334808067,上一个无敌的已经裂开了
1123.144,普通弹幕,中,白,1602917447,0,52ecfce7,39728066256175111,此时蝎等在一旁准备收尸
184.175,普通弹幕,中,白,1602915369,0,454276c4,39726976449118213,哔哩哔哩
961.448,普通弹幕,中,白,1602914703,0,d0904998,39726627564814341,呱呱太
1224.915,普通弹幕,中,紫,1602913611,0,27a91e7f,39726054665879559,小黑（懂得都懂）
1256.273,普通弹幕,中,白,1602912142,0,922b641e,39725284524032007,劫匪 危
386.183,普通弹幕,中,白,1602909983,0,2d8fffee,39724153006194691,武藏！
193.219,普通弹幕,中,白,1602903366,0,6c73bff4,39720683597987843,炮姐赛高
57.203,底部弹幕,中,白,1602896410,0,66432c31,39717036429410307,打脸预警预警预警
741.06,普通弹幕,中,白,1602891071,0,c59a8184,39714237575593987,小碧子
195.971,普通弹幕,中,白,1602890853,0,794a2873,39714123048026115,哔哩哔哩(゜-゜)つロ 杯~
391.359,普通弹幕,中,白,1602875334,0,84f8448,39705986777743367,光子真的………太好了
1237.929,底部弹幕,中,白,1602873747,0,4ab63801,39705154909896707,下辈子注意点就行了
544.933,普通弹幕,中,白,1602866616,0,63c168a2,39701416006647815,啊哈哈哈
1414.07,普通弹幕,中,白,1602862335,0,864eca6c,39699171593682951,皮卡丘？
1341.03,普通弹幕,中,白,1602862257,0,864eca6c,39699130798309383,符华
1188.43,普通弹幕,中,白,1602862091,0,864eca6c,39699043356508165,动作指导：瞬身止水
564.914,普通弹幕,中,白,1602860524,0,f766c495,39698221770473477,阿b是不是又批图了呀
1144.277,普通弹幕,中,白,1602859304,0,2ed0f463,39697582496677893,速度刚好
1126.393,普通弹幕,中,白,1602859215,0,2ed0f463,39697535745392647,人才
813.177,普通弹幕,中,白,1602858808,0,2ed0f463,39697322304077831,嘿嘿嘿
805.134,普通弹幕,中,白,1602858771,0,2ed0f463,39697302843555847,嘿嘿嘿
15.741,普通弹幕,中,白,1602857881,0,746d4194,39696836458971143,在在在来忆次!
170.597,底部弹幕,中,红,1602853767,0,2daa15e0,39694679500914691,哔哩哔哩( ゜- ゜)つロ乾杯
165.953,普通弹幕,中,白,1602853412,0,41f72c,39694493409083399,哔哩哔哩（゜-゜)つロ 干杯
1263.349,普通弹幕,中,红,1602850690,0,858e5dc1,39693065945874435,抢劫犯危
215.383,普通弹幕,中,白,1602846215,0,125f4dc5,39690719756025861,哔哩哔哩干杯
936.608,普通弹幕,中,白,1602837973,0,83c766d3,39686398828609541,孤寡孤寡
1200.818,普通弹幕,中,白,1602836329,0,bd329ab4,39685536730316803,容嬷嬷直呼内行
70.362,普通弹幕,中,白,1602831914,0,8b79f19a,39683222282960903,哈哈哈哈哈
1318.083,普通弹幕,中,白,1602830702,0,80c4d491,39682586944995333,街道破坏
610.42,普通弹幕,中,白,1602830033,0,80c4d491,39682235794194437,这需要男主吗？有也是多余
52.442,普通弹幕,中,白,1602822853,0,d8cc01fa,39678471665876995,故地重游
392.611,底部弹幕,中,红,1602821415,0,8aeda13,39677717721382917,贫富差距起飞
1111.899,普通弹幕,中,黄,1602815165,0,70633647,39674440985346051,安 全
1368.033,底部弹幕,中,红,1602778676,0,c700df7d,39655309989380099,触发主线剧情
1259.592,底部弹幕,中,红,1602778557,0,c700df7d,39655247613263877,官方解说
800.291,底部弹幕,中,深蓝,1602778054,0,c700df7d,39654984059977733,大老师的回眸
228.854,普通弹幕,中,白,1602776759,0,7567aae9,39654304797687813,当麻在这吗
29.364,普通弹幕,中,白,1602775900,0,bfba79b1,39653854501404675,梦开始的地方，
223.457,普通弹幕,中,白,1602774048,0,de85d5f8,39652883664207875,最爱的系列歌
196.571,普通弹幕,中,白,1602771117,0,5200e473,39651346873319431,这画质假的吧？
1314.23,普通弹幕,中,白,1602770994,0,4bb4fdb9,39651282364923907,好好看啊，小孩在佐天那呐
934.865,普通弹幕,中,白,1602769989,0,1aa3c859,39650755823534085,光速打脸
252.169,普通弹幕,中,白,1602769078,0,de9007,39650277801328645,这…亚梦？
551.69,普通弹幕,中,白,1602765907,0,24480e3d,39648615424589827,呆唯？？
146.476,普通弹幕,中,白,1602765394,0,24480e3d,39648346431291399,老规矩，就一遍
351.428,普通弹幕,中,白,1602762580,0,3ba53c65,39646871281991687,这个番没有男主？
1069.608,普通弹幕,中,白,1602761741,0,2d1847ea,39646431182585859,危  银行    危
952.076,底部弹幕,中,绿,1602761389,0,2019f72a,39646246718668803,呱呱呱
863.295,普通弹幕,中,白,1602734030,0,beb89af1,39631902574379013,泪爷没看剧本
676.466,普通弹幕,中,白,1602703449,0,a9af53e3,39615869515988995,泪爷唯一一次拿错剧本
894.513,普通弹幕,中,白,1602691877,0,2e87104d,39609802652909571,贝蒂和黑子的声优是一样的
764.513,普通弹幕,中,白,1602691666,0,2e87104d,39609691814756355,这个眼神很像妹妹
145.489,普通弹幕,中,白,1602689866,0,e0390e22,39608748133580803,贝蒂？
1424.29,普通弹幕,中,白,1602689545,0,2e6243cd,39608579839229959,大小姐和呆唯！
123.848,普通弹幕,中,白,1602687116,0,c6821d8b,39607306105651203,梦开始的地方
1317.476,普通弹幕,中,白,1602686199,0,92de9fc6,39606825331458051,白的。。。。。。
209.788,普通弹幕,中,白,1602685478,0,81872cd6,39606447730851845,哔哩哔哩-(゜-゜)つロ乾杯~
634.582,普通弹幕,中,白,1602684858,0,fca046f,39606122674388999,风暴指挥官
23.305,普通弹幕,中,白,1602679941,0,3da9b97d,39603544361271303,快跑啊！
175.788,普通弹幕,中,白,1602673253,0,801f3a7f,39600037838716933,来听OP的
1201.569,普通弹幕,中,白,1602668198,0,e72e8eed,39597387649908741,都超能力者了，还搁这抢劫
167.44,普通弹幕,中,白,1602662858,0,b99b6e4,39594588024340485,哔哩哔哩 - ( ゜- ゜)つロ 乾杯~ 
151.052,普通弹幕,中,白,1602657944,0,9cdfd7e4,39592011747033091,哔哩哔哩 - ( ゜- ゜)つロ 乾杯~
1346.821,普通弹幕,中,绿,1602645072,0,a3b34fdf,39585263264464901,上一个无敌已经带娃了
1277.398,普通弹幕,中,绿,1602645003,0,a3b34fdf,39585226867867653,官方吐槽
1254.874,普通弹幕,中,绿,1602644980,0,a3b34fdf,39585215059853317,混混一路走好
1104.567,普通弹幕,中,绿,1602644804,0,a3b34fdf,39585122704424967,热心市民 御坂美琴
1017.934,普通弹幕,中,绿,1602644712,0,a3b34fdf,39585074611486727,一只炮姐重拾梦想
926.919,普通弹幕,中,绿,1602644621,0,a3b34fdf,39585026912288773,呱呱呱呱
890.967,普通弹幕,中,白,1602644585,0,a3b34fdf,39585008049455107,万雌王
68.66,普通弹幕,中,白,1602629323,0,92d30423,39577005940801543,真棒
282.169,普通弹幕,中,白,1602604614,0,22a5ff54,39564051480051717,观察手报告情况
1253.777,底部弹幕,中,白,1602603182,0,cca12661,39563300859019267,腹黑的是初春啦
534.252,底部弹幕,中,白,1602602749,0,cca12661,39563073440710661,上升气流准备！
429.396,普通弹幕,中,白,1602594272,0,ed463d43,39558629375344647,一发平A
27.999,普通弹幕,中,白,1602591825,0,9a768d65,39557346394898439,小混混走好～
1194.582,普通弹幕,中,白,1602591639,0,370fecef,39557249014693893,妹子打架的时候从来不关心自个穿的是裙子
74.677,普通弹幕,中,白,1602586237,0,c4b14f61,39554416876453895,安全
482.763,普通弹幕,中,白,1602584632,0,dfe089c7,39553575103234053,白虎
472.749,普通弹幕,中,白,1602583171,0,b99c253e,39552809295151109,摄影师加鸡腿
196.329,普通弹幕,中,白,1602579531,0,8d21b433,39550900607385607,哔哩哔哩-（゜-゜）つロ乾杯
117.063,普通弹幕,中,白,1602568573,0,ee3456e5,39545155487793155,梦回RE0
26.999,普通弹幕,中,白,1602563436,0,549369d6,39542462246551557,再来复习
695.156,普通弹幕,中,白,1602557319,0,d2dea249,39539255196778503,这个时候炮姐还没吃过瘪，自然比较高傲
946.054,普通弹幕,中,黄,1602552252,0,a50b36,39536598557130755,老傲娇了
782.396,普通弹幕,中,白,1602552034,0,2a83603d,39536484636688387,哈哈哈哈
981.118,普通弹幕,中,白,1602524276,0,c602069a,39521931327700999,泪爷很慌
410.203,普通弹幕,中,白,1602521166,0,aa45b263,39520300723339267,碧翠丝
16.538,普通弹幕,中,白,1602519206,0,63521fc6,39519273031303171,勇士啊
471.248,普通弹幕,中,白,1602514192,0,55d441f6,39516644090839045,炮姐危
204.26,普通弹幕,中,白,1602513554,0,afe44f46,39516310083207175,哔哩哔哩乾杯
1425.721,底部弹幕,中,白,1602513466,0,c10dcca5,39516263644921863,哈哈哈，神他喵黑子微卷的原因
535.262,底部弹幕,中,白,1602512525,0,c10dcca5,39515770422034437,哈哈...v哈卤
513.825,普通弹幕,中,白,1602509266,0,43f66a57,39514061748568067,黑子   危
275.745,普通弹幕,中,白,1602509024,0,43f66a57,39513934556299267,名场面  吼
39.706,普通弹幕,中,白,1602507372,0,20dc7631,39513068681560071,开始吟唱
401.555,普通弹幕,中,白,1602507337,0,fb71cf53,39513050236059655,QwQ
937.188,普通弹幕,中,白,1602506921,0,19714bd3,39512832422182919,一傲娇就是老开口了
694.699,普通弹幕,中,白,1602506721,0,19714bd3,39512727301914629,初春小迷妹
1212.378,普通弹幕,中,白,1602505609,0,ba4c583c,39512144124313607,队长技能
1318.865,普通弹幕,中,白,1602504397,0,6fad6fda,39511509078900739,细节立体声⊙∀⊙！
398.928,普通弹幕,中,白,1602501653,0,950126bc,39510070456745989,婚后光子真的超好呜呜呜呜
774.924,普通弹幕,中,白,1602499478,0,de9868bf,39508929864007685,lsp
933.526,普通弹幕,中,白,1602498770,0,ba4c583c,39508558572158981,啊咧啊咧
1249.769,普通弹幕,中,白,1602497574,0,44074808,39507931453980677,危危危
697.892,普通弹幕,中,紫,1602473006,0,5ae5cbbb,39495050800922629,俺也一样
194.031,普通弹幕,中,白,1602467456,0,2fc77fc2,39492141275676677,哔哩哔哩-(゜-゜)つロ乾杯~
1204.128,普通弹幕,中,白,1602461662,0,eda34da7,39489103673163779,帅啊
849.479,普通弹幕,中,白,1602461265,0,eda34da7,39488895507759107,万雌王
311.063,普通弹幕,中,白,1602460669,0,eda34da7,39488582838124547,老黑老帅了
66.321,普通弹幕,中,白,1602460412,0,eda34da7,39488448251822087,万全
151.76,普通弹幕,中,白,1602458532,0,8d249325,39487462240157699,DNA动了
933.087,普通弹幕,中,白,1602457771,0,a9360e51,39487063387537415,前方某科学光速打脸
199.552,底部弹幕,中,红,1602440622,0,9bb1f9ae,39478072564514823,哔哩哔哩∽
477.566,普通弹幕,中,白,1602440473,0,729de676,39477994063396869,摄影师加鸡
956.947,普通弹幕,中,白,1602437538,0,bdbb2424,39476455526105095,呱呱呱呱，哈哈哈哈
746.22,普通弹幕,中,白,1602437291,0,bdbb2424,39476326239305731,食蜂大好人一个
348.931,普通弹幕,中,白,1602436894,0,bdbb2424,39476117945450501,无限之梦的开始
162.468,普通弹幕,中,白,1602436279,0,2027d3e1,39475795352092677,新规矩，OP每次都听
59.71,普通弹幕,中,白,1602431286,0,2fe7956c,39473177541738503,白给~
920.462,普通弹幕,中,白,1602430698,0,5eb31619,39472869280317447,哈哈哈哈
3.759,普通弹幕,中,白,1602430555,0,f5a30167,39472794471759879,恭喜发现超级宝藏
3.759,普通弹幕,中,白,1602430540,0,f5a30167,39472786694471683,恭喜发现超级宝藏
1452.713,普通弹幕,中,白,1602426073,0,32cb4283,39470444606128131,呀，这个小眼神
335.345,普通弹幕,中,白,1602424847,0,7a894eba,39469801880420359,ZIO
1122.952,普通弹幕,中,白,1602423918,0,a5ce246d,39469314784362501,那个发型!是蝎
336.083,普通弹幕,中,白,1602421742,0,c98fd87b,39468173667860487,电脑配件
226.814,普通弹幕,中,白,1602421509,0,c98fd87b,39468051500892165,卧倒
85.685,普通弹幕,中,白,1602420505,0,858e5dc1,39467525104730115,好安全啊
1357.454,普通弹幕,中,白,1602420165,0,ea120a82,39467347276201991,去烧烤
3.62,普通弹幕,中,白,1602417005,0,8e17f912,39465690289143811,复习复习
531.046,普通弹幕,中,白,1602415662,0,a048424c,39464986136805379,上升气流
1317.432,普通弹幕,中,白,1602413700,0,601f6516,39463957367881735,杨永信直呼内行
740.345,普通弹幕,中,白,1602410929,0,3eff7378,39462504630321159,贝蒂 yys
1181.588,普通弹幕,中,白,1602410568,0,a7468039,39462315323031555,容嬷嬷
60.06,普通弹幕,中,白,1602409477,0,a7468039,39461743637823495,钞能力!
1292.59,普通弹幕,中,白,1602406892,0,b5aacc2f,39460388056596485,nbnb
1125.537,普通弹幕,中,白,1602406563,0,446405b7,39460215640293379,劫——匪——快——跑
164.414,普通弹幕,中,白,1602405163,0,f36b5e4,39459481522798595,哔哩哔哩干杯!
189.918,普通弹幕,中,白,1602404182,0,245acbc1,39458967537057799,干杯
1329.172,普通弹幕,中,白,1602403966,0,2fcebfb3,39458853911265285,有没有男的
1453.73,普通弹幕,中,白,1602403737,0,c8e9e012,39458734219984903,真的有好好看啊
531.625,普通弹幕,中,白,1602403184,0,2fcebfb3,39458444197494791,男主在哪
1381.529,普通弹幕,中,白,1602397785,0,fcd24cd3,39455613658857477,上一个无敌的已经秃了
39.058,普通弹幕,中,白,1602397020,0,fa554111,39455212248760323,小混混快跑——
168.396,普通弹幕,中,白,1602394875,0,3d03147,39454088085110789,ohhhhhhh
211.973,普通弹幕,中,白,1602393073,0,181db199,39453143122051077,哔哩哔哩 - (゜- ゜)つロ 乾杯~
418.522,普通弹幕,中,白,1602393065,0,fed52f9e,39453139060916231,安杰洛表示很赞
242.302,普通弹幕,中,白,1602392868,0,fed52f9e,39453035726897155,电姬矢   准
9.619,普通弹幕,中,白,1602392615,0,fed52f9e,39452903201570823,回乡的诱惑
438.097,普通弹幕,中,白,1602391780,0,27619c88,39452465400643591,而且这还不是炮姐全力
154.343,普通弹幕,中,白,1602390331,0,edfb8c28,39451705701040131,好久没听了
711.226,普通弹幕,中,白,1602386197,0,e94241ec,39449537904902151,炮姐大概是七个人里最有常识的一个了2333
626.493,普通弹幕,中,白,1602386089,0,e94241ec,39449481439608835,泪爷除了超能力什么都有
621.265,普通弹幕,中,白,1602385453,0,7483a0bd,39449147882340357,风暴指挥官，懂的请点赞
29.74,普通弹幕,中,白,1602383488,0,aae4aff6,39448117850931207,首尾呼应
120.144,普通弹幕,中,紫,1602381484,0,d0bc1ceb,39447067276869637,贝蒂？
59.448,普通弹幕,中,白,1602381463,0,d829dd00,39447056149381125,c++
123.366,普通弹幕,中,白,1602379580,0,ac1d432b,39446069014691847,这个cv是配黑子出名的
285.146,普通弹幕,中,白,1602377116,0,c01e1fe6,39444776845574151,妈耶
197.941,普通弹幕,中,白,1602377068,0,d5455d3a,39444751968632839,哔哩哔哩 (゜-゜)つロ 干杯~
127.618,底部弹幕,中,白,1602376469,0,ef76b104,39444438007676931,反射弧过长
981.6,普通弹幕,中,白,1602373155,0,8d6e40aa,39442700224167939,炮姐情商也很高，就是有点傲娇
1252.158,普通弹幕,中,白,1602363998,0,4b8aa7f5,39437899519754243,走远了呀兄弟
37.916,普通弹幕,中,白,1602360890,0,cd355c80,39436270156382213,梦开始的地方
41.032,普通弹幕,中,白,1602349215,0,5b893681,39430149111808003,众所周知 最安全
178.313,普通弹幕,中,白,1602346698,0,ee27693b,39428829171154949, 最爱的op
44.453,普通弹幕,中,白,1602346212,0,d0253864,39428574501928963,可怜的小家伙
790.488,普通弹幕,中,白,1602344827,0,8d6e40aa,39427848152809477,炮姐无条件宠溺的人不多，黑子就是其中之一哦
1256.041,普通弹幕,中,白,1602344466,0,47c8513c,39427658959814661,黑子：谁啊那么缺德
470.678,普通弹幕,中,白,1602344380,0,8d6e40aa,39427613783490565,炮姐按年龄来说是中等偏上
670.995,普通弹幕,中,白,1602343843,0,47c8513c,39427332491968515,泪爷唯一一次拿错剧本
618.601,普通弹幕,中,白,1602343773,0,47c8513c,39427295777128451,泪爷好美
263.081,普通弹幕,中,白,1602343532,0,47c8513c,39427169482964999,上头（指娅娘
463.015,普通弹幕,中,白,1602341431,0,feca0e9b,39426067825426435,哔哩哔哩 - ( ゜- ゜)つロ 乾杯~
1211.936,普通弹幕,中,白,1602341397,0,5000420b,39426049794637827,佩恩上线
194.519,普通弹幕,中,白,1602340082,0,b9f43bfe,39425360327081989,哔哩哔哩 - (゜- ゜)つロ 乾杯~
242.473,普通弹幕,中,白,1602337986,0,8fb6e6e4,39424261503844421,哔哩哔哩
17.214,普通弹幕,中,白,1602337565,0,3a728975,39424041116762119,从炮T回来温习
130.881,普通弹幕,中,白,1602336938,0,29ea342d,39423712408109061,啊啊啊，卡哇伊
252.279,普通弹幕,中,白,1602336867,0,7bcfb388,39423675210399751,梦开始的地方
906.669,普通弹幕,中,白,1602335460,0,f050c1d7,39422937519882245,oh
225.859,普通弹幕,中,白,1602335085,0,2edc780a,39422740775043075,哔哩哔哩-(゜-゜)つロ乾杯~
6.607,普通弹幕,中,白,1602333704,0,9a33815,39422016541949957,哈哈
86.934,普通弹幕,中,白,1602331224,0,86a92db0,39420716239028231,wow
170.563,普通弹幕,中,白,1602331191,0,b7613a1c,39420699315535879,梦开始的地方，梦开始的地方
207.722,普通弹幕,中,白,1602329798,0,2e2d7909,39419968850755587,哔哩哔哩 - (゜- ゜)つロ 乾杯~
160.705,普通弹幕,中,白,1602329002,0,f2baffc8,39419551397445635,正片开始
1140.996,普通弹幕,中,白,1602327389,0,ce96a84d,39418705729814535,求劫匪视角
909.894,普通弹幕,中,白,1602326958,0,ce96a84d,39418479653683205,裁判，她带球撞人！
571.41,普通弹幕,中,白,1602326108,0,ce96a84d,39418034110070787,相敬如宾
389.44,普通弹幕,中,白,1602325324,0,5908e86f,39417623229235205,光子爱了爱了
308.586,普通弹幕,中,白,1602324690,0,744a5e26,39417290783457287,恐怖机器人
285.761,底部弹幕,中,黄,1602323459,0,7bceef58,39416645281120263,这腿就长的离谱
16.685,普通弹幕,中,白,1602319837,0,a048424c,39414746280624131,学园都市特产小混混
558.638,普通弹幕,中,白,1602319577,0,78131b85,39414609829953539,..
96.941,普通弹幕,中,白,1602306350,0,d8eb484f,39407675104034823,小混混是个悲惨的职业
1394.921,普通弹幕,中,白,1602304950,0,aa12c19b,39406941414359047,上一个无敌的己经暴头了
1370.581,普通弹幕,中,白,1602304464,0,ae7f5845,39406686678024199,姐姐是onejan哥哥是onijan
13.236,普通弹幕,中,白,1602303786,0,f22da457,39406330960674821,金坷垃开始的地方
284.443,底部弹幕,中,白,1602301408,0,818ee0f2,39405084154003459,无敌流浪汉行为
466.81,普通弹幕,中,白,1602299991,0,d7b5632e,39404341493760005,下次丕一定
233.982,普通弹幕,中,白,1602294630,0,936cf69d,39401530672021511,哔哩哔哩 - (゜- ゜)つロ 乾杯~
452.67,普通弹幕,中,白,1602286924,0,aa58891,39397490413797379,所以说炮姐没有硬币会怎么样
515.817,普通弹幕,中,白,1602278146,0,2fcbdb9a,39392888020795399,这里改了
16.102,普通弹幕,中,白,1602258141,0,4f5fee42,39382400076611591,留个抓
404.337,普通弹幕,中,白,1602256435,0,3623dfd1,39381505590951943,就是贝蒂的cv
343.213,普通弹幕,中,白,1602255911,0,f6c15365,39381230449328131,没有男生？
1317.048,普通弹幕,中,白,1602248251,0,7723c2fc,39377214542184451,无敌（危）
222.404,普通弹幕,中,白,1602245456,0,8fcc75a2,39375749189206019,哔哩哔哩 (゜-゜)つロ 干杯~
120.342,底部弹幕,中,白,1602245443,0,dfffdc4e,39375742306877445,黑子立（doge）
964.443,普通弹幕,中,白,1602243766,0,8d8b4191,39374863090581507,2333
959.706,普通弹幕,中,白,1602243757,0,8d8b4191,39374858350493703,2333
950.044,普通弹幕,中,白,1602243748,0,8d8b4191,39374853930745861,傲娇出头
7.32,普通弹幕,中,白,1602240725,0,57a42c50,39373268900642823,再来亿次
8.739,普通弹幕,中,白,1602238501,0,5da607cb,39372102916636677,永远看不腻啊
926.156,普通弹幕,中,白,1602238488,0,2a8b2661,39372095757484039,校草御坂美琴
730.708,普通弹幕,中,白,1602238142,0,2a8b2661,39371914751770627,御坂的后宫很多
700.487,普通弹幕,中,白,1602238059,0,2a8b2661,39371871148834823,魔禁剧本
609.557,普通弹幕,中,白,1602237959,0,2a8b2661,39371818571137027,找男主去魔禁找
360.833,普通弹幕,中,白,1602237688,0,2a8b2661,39371676774825987,男主是常盘台的校草御坂美琴啊！混淡（滑稽）
277.134,普通弹幕,中,白,1602237586,0,2a8b2661,39371623231389703,男主是常盘台的校草御坂美琴（手动滑稽）
97.434,普通弹幕,中,白,1602237369,0,2a8b2661,39371509444116485,都市传说
55.784,普通弹幕,中,白,1602237328,0,2a8b2661,39371487670960131,安全
818.155,普通弹幕,中,白,1602232259,0,50929c21,39368830439915527,这是腐漫？
188.617,普通弹幕,中,白,1602229835,0,c1973b7a,39367559184646147,再来亿边
56.775,普通弹幕,中,白,1602228432,0,c060f3e1,39366823590232071,众所周知混混是个高危职
290.07,普通弹幕,中,白,1602224417,0,45deacdd,39364718957166597,俺也觉得
1131.614,底部弹幕,中,橙,1602219482,0,2414a1af,39362131214204933,劫匪 危
1188.233,普通弹幕,中,白,1602178684,0,2e72e1,39340741670993923,咂瓦鲁多！
546.513,普通弹幕,中,白,1602178024,0,2e72e1,39340395693342723,比叽—————！
632.377,普通弹幕,中,白,1602177373,0,bf7e1fcd,39340054260744195,拉二？
817.074,普通弹幕,中,白,1602172120,0,d9731ca6,39337300110868485,女仆咖啡厅
50.452,普通弹幕,中,白,1602171631,0,d4c45b14,39337043446202439,空条承太郎:安全?不就是一通哦啦的事儿
1309.075,普通弹幕,中,白,1602171200,0,b7e2177d,39336817677303815,莫慌，就是个平a
868.624,普通弹幕,中,白,1602168342,0,783b0a8d,39335319362863111,游戏中心=弹药库
1030.775,普通弹幕,中,白,1602165689,0,a9a08bd3,39333928289435655,煎饼果子
917.538,普通弹幕,中,白,1602165540,0,f3f100ae,39333850351403015,呱太
904.749,普通弹幕,中,白,1602165536,0,f3f100ae,39333847959601155,呱太
773.946,普通弹幕,中,白,1602165380,0,f3f100ae,39333766307512325,公开处刑
1107.07,普通弹幕,中,白,1602165342,0,538dbf5c,39333746618925059,夹击妹抖
501.161,普通弹幕,中,白,1602165016,0,f3f100ae,39333575422640135,出现了，黑子行为
118.646,普通弹幕,中,白,1602164628,0,b92ef211,39333372396830727,贝蒂
1298.663,普通弹幕,中,白,1602163857,0,eed6c30,39332967672709127,明示投币
1003.687,普通弹幕,中,白,1602163536,0,eed6c30,39332799782584325,此时，一位梦想失去了炮姐
869.586,普通弹幕,中,白,1602163361,0,eed6c30,39332707824041987,游戏厅=军火库
864.061,普通弹幕,中,白,1602163337,0,eed6c30,39332695170875397,抱头蹲防哦
663.427,普通弹幕,中,白,1602163157,0,1cfc0b3c,39332600913330179,前面的，JK制服就是指他们的校服啊……
463.826,普通弹幕,中,白,1602162886,0,eed6c30,39332458755784709,投币起源
112.638,普通弹幕,中,白,1602162573,0,7b2fb6f5,39332294446022661,贝蒂
116.259,普通弹幕,中,白,1602162469,0,53721eb7,39332240209477639,碧翠子的声音
170.401,普通弹幕,中,白,1602162187,0,482e3bbe,39332092129574917,哔哩哔哩-(゜-゜)つロ乾杯
1315.809,普通弹幕,中,白,1602159195,0,cd2de0ae,39330523815346179,那个小男孩......
1242.282,普通弹幕,中,白,1602159100,0,a6a7efb0,39330473781493767,一得啥一麻谁
1194.692,普通弹幕,中,白,1602158450,0,85222227,39330133077655555,海楼石压身
1134.334,普通弹幕,中,白,1602156639,0,5e821b32,39329183369789443,这是...蝎的傀儡？？？
1060.007,普通弹幕,中,白,1602155643,0,5b53d5be,39328661556953091,这妹妹绝对是生错性别了
1093.893,普通弹幕,中,白,1602155194,0,18f8d89f,39328426139582471,？？？
390.774,普通弹幕,中,白,1602154486,0,18f8d89f,39328054622289925,？？？
189.945,普通弹幕,中,白,1602154166,0,19e02fd3,39327887143206915,哔哩哔哩(゜-゜)つロ 干杯~
1396.577,普通弹幕,中,白,1602151221,0,a58d96b5,39326342885408775,脸红了脸红了，泡泡茶壶呢
223.354,底部弹幕,中,红,1602148428,0,2414a1af,39324878692679685,哔哩哔哩干杯～
197.241,普通弹幕,中,紫,1602147706,0,da154bd1,39324500155170887,哔哩哔哩( ゜- ゜)つロ乾杯
1355.355,普通弹幕,中,白,1602145988,0,c51c645f,39323599377006599,闪法hhhc
1317.001,普通弹幕,中,白,1602144831,0,4358023e,39322992817733639,。。说小孩的有认真看吗 小孩已经下车了好吗 
620.784,普通弹幕,中,白,1602143803,0,49dd8d7e,39322453821358083,俺也一样啊
212.621,普通弹幕,中,白,1602143383,0,49dd8d7e,39322233560629253,啊这
233.405,普通弹幕,中,白,1602142599,0,16de3a01,39321822560780293,op一抖，小手没有
184.081,普通弹幕,中,白,1602141073,0,57c3e2f2,39321022543953923,哔哩哔哩 (゜-゜)つロ 干杯~
48.22,普通弹幕,中,白,1602139827,0,69826972,39320369286348803,梦开始的地方
838.282,普通弹幕,中,白,1602139768,0,16717f0f,39320338343919619,弥撒卡咪口头
215.587,普通弹幕,中,白,1602139760,0,744b7014,39320334346747907,观后感好的
52.991,底部弹幕,中,白,1602138653,0,65af3dff,39319753528442883,民风淳朴似哥谭
0.0,普通弹幕,中,白,1602137112,0,1c2557ba,39318945647820807,bgm好熟悉！
241.156,普通弹幕,中,白,1602136472,0,2f0cde8a,39318610504056839,碧鲁丝？
90.429,普通弹幕,中,白,1602135829,0,e15b3913,39318273218576391,确实很好啊
989.68,普通弹幕,中,白,1602135067,0,f7d7bf,39317873866833923,倒回前面看夏娜
176.449,普通弹幕,中,白,1602134586,0,3f2083fe,39317621280604163,哔哩哔哩乾杯
647.121,普通弹幕,中,白,1602134584,0,bd2312af,39317620274495495,优秀
342.674,普通弹幕,中,白,1602134035,0,9ec2f3a,39317332760723459,(눈_눈)
25.833,普通弹幕,中,白,1602133366,0,15ebb63d,39316981660254215,兄弟路走窄了
231.87,普通弹幕,中,白,1602132682,0,c98fd87b,39316623327756293,精准降落
96.795,普通弹幕,中,白,1602130720,0,d1c00eb2,39315594624368643,绝对安全学园市
1179.627,普通弹幕,中,白,1602130383,0,dfea6518,39315417657769989,、、
277.48,普通弹幕,中,白,1602129263,0,82de2547,39314830559019015,哈吓
1345.693,普通弹幕,中,白,1602129243,0,e2279e64,39314819938516995,众所周知，学园都市是最安全的地方
1321.673,普通弹幕,中,白,1602129202,0,e2279e64,39314798774583301,大爷:？？？
1296.913,普通弹幕,中,白,1602129170,0,e2279e64,39314781770874887,一路走好
1182.953,普通弹幕,中,白,1602129033,0,e2279e64,39314709884698627,动作指导:末影人
141.54,普通弹幕,中,白,1602128783,0,bb42f70,39314578880331779,有男主没？
139.02,普通弹幕,中,白,1602128776,0,bb42f70,39314575363932167,是恋爱番吗？
108.139,普通弹幕,中,白,1602128740,0,bb42f70,39314556697706499,是恋爱番吗？
44.499,普通弹幕,中,白,1602128672,0,bb42f70,39314520666537989,梦开始的地方。
1022.749,普通弹幕,中,白,1602128224,0,3fe8084f,39314285813301253,虎妞尾巴露出来
1076.58,普通弹幕,中,白,1602126934,0,acaad21f,39313609611804675,八个蛋！
540.198,普通弹幕,中,白,1602123465,0,35553962,39311790631813125,娜娜掀梦梦的裙子
19.84,普通弹幕,中,白,1602123026,0,35553962,39311560656551939,这几个货真会挑人
98.5,普通弹幕,中,白,1602122720,0,98bea537,39311400443576323,乔纳森乔斯达！
56.179,普通弹幕,中,白,1602122646,0,98bea537,39311361375731719,白给
889.768,底部弹幕,中,白,1602117582,0,12da1c1d,39308706397552645,男主自尽，在问呱太
1200.926,普通弹幕,中,白,1602115704,0,c0cd426e,39307721779970055,pain
256.96,普通弹幕,中,白,1602113927,0,16963a12,39306789951897605,从零的碧翠丝吧
688.008,普通弹幕,中,白,1602113700,0,b471cff2,39306671074312197,〔哔〕
51.287,普通弹幕,中,白,1602101416,0,970fffb,39300230634012675,梦开始的地方
278.053,底部弹幕,中,黄,1602091825,0,24055826,39295202450997251,鸡蛋！
1305.711,普通弹幕,中,白,1602090905,0,b7207f4a,39294720273809411,最强人类
1034.991,普通弹幕,中,白,1602090627,0,b7207f4a,39294574250164229,毕竟常盘台校草(
681.503,普通弹幕,中,白,1602090469,0,b7207f4a,39294491520139271,(美琴早期人设)
563.407,普通弹幕,中,白,1602090352,0,b7207f4a,39294430130208775,炮姐自闭椅
184.948,普通弹幕,中,白,1602087050,0,ed46b8ae,39292698896629763,画面看起来好精致啊
164.534,普通弹幕,中,白,1602086826,0,fbb66ecb,39292581196595207,哔哩哔哩-( ゜-゜)つロ乾杯~
652.864,普通弹幕,中,白,1602086604,0,e09120e5,39292465262886979,夹击妹抖
195.635,普通弹幕,中,白,1602085773,0,3ae3f3d5,39292029404446723,( ゜ -゜)つロ 乾杯~
187.775,普通弹幕,中,白,1602085749,0,3ae3f3d5,39292016606576647,(゜-゜)つロ 乾杯~
179.655,普通弹幕,中,白,1602085643,0,3ae3f3d5,39291961460391939,( ゜ -゜)つロ 乾杯~
177.516,普通弹幕,中,白,1602085570,0,3ae3f3d5,39291923006488579,哔哩哔哩干杯！
1090.381,普通弹幕,中,白,1602084754,0,c41e5da3,39291495385661447,一般市民御坂美琴
925.862,普通弹幕,中,白,1602084565,0,c41e5da3,39291396246994949,超喜欢泪子
917.942,普通弹幕,中,白,1602084550,0,c41e5da3,39291388293021703,泪子真的可爱
880.161,普通弹幕,中,白,1602084066,0,a58d96b5,39291134584291331,？？书包上的呱太？
1343.905,普通弹幕,中,白,1602083800,0,34ea12c6,39290994925502469,注意口袋，要考的
1124.194,普通弹幕,中,白,1602083556,0,34ea12c6,39290867207897095,劫——匪——
1066.105,普通弹幕,中,白,1602083485,0,34ea12c6,39290829877018629,触发副本
161.698,普通弹幕,中,白,1602083432,0,2ef8f8ba,39290802010587205,哔哩哔哩 (゜-゜)つロ 乾杯~
619.965,底部弹幕,中,红,1602081819,0,34ea12c6,39289956176232453,泪爷情商真的高
243.222,普通弹幕,中,白,1602081742,0,10cb7e21,39289915944468487,https://b23.tv/BNtRt9
434.346,底部弹幕,中,红,1602081614,0,34ea12c6,39289848872828935,而且炮姐还有很多技能点 点到了除了破坏力以外的方面去了2333
67.917,底部弹幕,中,红,1602081042,0,34ea12c6,39289548770377731,安心：指安葬心脏
29.001,底部弹幕,中,红,1602080952,0,34ea12c6,39289501800988675,小——混——混——
512.271,普通弹幕,小,白,1602080555,0,8f4cc372,39289293763510279,疯忌萎辕
173.218,普通弹幕,中,白,1602080142,0,c5de6d94,39289077131903045,刚从第三季过来
198.85,普通弹幕,中,白,1602077675,0,73d3ec40,39287783923122181,哔哩哔哩(゜-゜)つロ 干杯~-
582.252,普通弹幕,中,白,1602077523,0,7d5cb1d3,39287704171577349,佐天好飒
9.206,普通弹幕,中,白,1602075197,0,1e041a45,39286484316979205,真好看
12.879,普通弹幕,中,白,1602071244,0,307967d6,39284412149399559,头像
1263.91,普通弹幕,中,白,1602071177,0,f73dfa18,39284377081872389,一路走好
1267.095,普通弹幕,中,白,1602069911,0,2c39ce4,39283713071120389,太勇了
843.458,普通弹幕,中,白,1602069239,0,7691061f,39283360678805511,泪爷nb！
744.144,普通弹幕,中,白,1602069115,0,7691061f,39283295858982915,前方高冷
726.829,普通弹幕,中,白,1602069096,0,7691061f,39283285630648323,wawaw
1246.985,普通弹幕,中,白,1602068594,0,ec082191,39283022455373827,壮士一路走好
1133.925,普通弹幕,中,白,1602068472,0,ec082191,39282958674165765,R.I.P
19.565,普通弹幕,中,白,1602067494,0,ec082191,39282446042660867,路走窄了
1139.604,普通弹幕,中,白,1602067021,0,7ff1a846,39282198070689795,闪电五连鞭
896.945,普通弹幕,中,白,1602064943,0,f4dacaac,39281108655276035,巧了，亚梦声优就在身后
450.523,普通弹幕,中,白,1602064602,0,8e854c92,39280929793900551,这个散布爱了
150.14,普通弹幕,中,白,1602064087,0,c3ef2cb,39280659567476741,来听歌的
348.862,普通弹幕,中,白,1602063278,0,4f414b9,39280235489263621,为何没男的
1310.236,普通弹幕,中,白,1602062864,0,569c2b5a,39280018690932743,电击小子表示很淦
544.882,普通弹幕,中,白,1602062445,0,a80fad48,39279798970220551,此番有男主客串，但很少
447.7,普通弹幕,中,白,1602059624,0,8777552,39278319831089157,这部番没男主？
124.012,底部弹幕,中,紫,1602059590,0,e72dd4c2,39278302010015751,刻在DNA里的声线
97.46,底部弹幕,中,紫,1602059449,0,e72dd4c2,39278228015153155,贝蒂！！？？
700.316,普通弹幕,中,白,1602059248,0,5b3162ec,39278122590273543,－－
5.9,普通弹幕,中,白,1602058036,0,20af068a,39277487350874117,自由自在
171.543,普通弹幕,中,白,1602057040,0,8194f87f,39276965121753091,哔哩哔哩（゜-゜)つロ 乾杯～～
1305.388,底部弹幕,中,白,1602055097,0,a090dc6d,39275946391896069,上一个无敌的已经开始带娃了
574.828,普通弹幕,中,白,1602053921,0,673efcbc,39275329758429189,lsp
35.899,底部弹幕,中,红,1602053876,0,c775526b,39275306290249735,危 小混混 危
1428.337,普通弹幕,中,白,1602053064,0,c0c18983,39274880211877891,上一个无敌的已经被救护车碾死了
88.992,普通弹幕,中,白,1602052490,0,bd54e155,39274579253788677,从魔禁来
157.774,普通弹幕,中,白,1602052234,0,ac35b9f8,39274445140918279,哔哩哔哩 - (゜- ゜)つロ 乾杯~
150.07,普通弹幕,中,白,1602049196,0,54dc2593,39272852477181959,哔哩哔哩(゜-゜)つロ 干杯~
1141.446,普通弹幕,中,白,1602048660,0,b1aea75a,39272571663286279,好帅好帅
1076.207,普通弹幕,中,白,1602048615,0,b1aea75a,39272548139008003,哦豁遭起
754.579,普通弹幕,中,白,1602048370,0,b1aea75a,39272419262726147,开始吟唱
184.639,普通弹幕,中,白,1602048318,0,d8dec8a6,39272392173813767,哔哩哔哩(゜-゜)つロ 干杯~
279.521,普通弹幕,中,白,1602047971,0,b1aea75a,39272210249547783,金坷垃（哎呀好像早了）
519.038,普通弹幕,中,白,1602047757,0,9923f3f8,39272098003156997,哈哈哈哈
1.099,普通弹幕,中,白,1602047672,0,12cf78f0,39272053457027079,心火烧
498.336,底部弹幕,中,白,1602047266,0,cca12661,39271840454541319,还不快感谢黑哥
269.92,底部弹幕,中,红,1602045843,0,74a84630,39271094693658629,危   贩卖机  危
1283.873,普通弹幕,中,白,1602045793,0,fc298ddc,39271068254339077,大爷?冰箱?
178.301,底部弹幕,中,淡蓝,1602045669,0,74a84630,39271003427176453,哔哩哔哩 （゜-゜）つロ 干杯~
155.825,底部弹幕,中,淡蓝,1602045647,0,74a84630,39270991640133637,哔哩哔哩 （゜-゜）つロ 干杯~-
899.513,普通弹幕,中,白,1602045381,0,fc298ddc,39270852394483719,no7 骨气 削板军霸
895.833,普通弹幕,中,白,1602045338,0,fc298ddc,39270830016299015,no5 心理操控  食蜂操析
886.833,普通弹幕,中,白,1602045220,0,fc298ddc,39270768110469125,no2未元物质 垣根帝督
1169.766,普通弹幕,中,白,1602045177,0,f1213903,39270745119391747,烧烤
882.673,普通弹幕,中,白,1602045174,0,fc298ddc,39270743778787335,no1  矢量操控  一方通行
595.193,普通弹幕,中,白,1602044836,0,fc298ddc,39270566739836995,好像初春在越狱篇要超神
354.833,普通弹幕,中,白,1602044582,0,fc298ddc,39270433568063495,常盘台是女校啊
1.02,普通弹幕,中,白,1602044570,0,a1427eed,39270426912227335,温故而知新
234.774,普通弹幕,中,白,1602043821,0,ee790e90,39270034477416451,平静的BGM
1007.596,普通弹幕,中,白,1602042632,0,fe6f697b,39269410807480327,此时一只炮姐失去了梦想
1182.94,普通弹幕,中,白,1602041184,0,cdd17964,39268651925241859,绅士行为
1173.94,普通弹幕,中,白,1602041154,0,cdd17964,39268636389539843,绅士确信（声优梗）
8.347,普通弹幕,中,白,1602040801,0,54bd5b12,39268450955689987,天堂
206.835,普通弹幕,中,白,1602037504,0,f8b5cf2c,39266722452602885,乾杯
64.372,普通弹幕,中,白,1602036794,0,f3f100ae,39266350392147975,完全？
541.523,普通弹幕,中,白,1602036754,0,25cba33f,39266329374490627,S∽B∽！
462.903,普通弹幕,中,白,1602036663,0,25cba33f,39266281364914181,下次丕定
230.978,普通弹幕,中,白,1602035883,0,d3b23cee,39265872497868807,哔哩哔哩
1028.388,普通弹幕,中,白,1602032995,0,d8b0ba72,39264358316376067,煎饼果子
236.964,普通弹幕,中,白,1602025118,0,e3bca27b,39260228508188677,干杯
126.624,普通弹幕,中,白,1602023042,0,e3bca27b,39259140154458119,这声音好像贝蒂
933.308,普通弹幕,中,白,1602007322,0,f6dbaa96,39250898209734659,说兵长视角的，小心后颈肉（dog）
195.55,普通弹幕,中,白,1602005959,0,29471308,39250183934967815,哔哩哔哩-(゜-゜)つロ乾杯~
14.956,普通弹幕,中,白,1602005779,0,29471308,39250089230729221,复习
1192.914,底部弹幕,中,白,1602005418,0,da640e9a,39249900398444549,哦？插棍子的佩恩？下面是仙鸣？
227.715,普通弹幕,中,白,1602002186,0,150f4edc,39248205611270147,哔哩哔哩 (゜-゜)つロ 干杯~
673.217,普通弹幕,中,白,1602001652,0,ece26b54,39247925521416195,仔细一听，还真是亚梦。。
100.892,普通弹幕,中,白,1601999267,0,d54600b6,39246675311067141,黑子
190.957,普通弹幕,中,白,1601998374,0,4a7cb2fb,39246207222022147,厉害！
1339.872,普通弹幕,中,白,1601997293,0,8aa0801,39245640133771267,削宫本吗
39.26,普通弹幕,中,白,1601997060,0,1c116e5a,39245518146109447,混混     危
1307.4,普通弹幕,中,白,1601996571,0,b10e23d0,39245261771898883,这会表情越看越像常盘台校草
441.837,普通弹幕,中,白,1601996570,0,8aa0801,39245261545930759,炸鱼犯法
46.16,普通弹幕,中,白,1601995792,0,8aa0801,39244853316419655,没错落后中国二三十年
1402.442,底部弹幕,中,绿,1601995327,0,f40fbc93,39244609671397381,摄影师梁非凡一桌
1120.042,底部弹幕,中,红,1601995014,0,f40fbc93,39244445503193093,劫匪快跑啊
1074.742,底部弹幕,中,红,1601994962,0,f40fbc93,39244418445213703,绝对安全的城市
51.826,底部弹幕,中,红,1601994736,0,d027a867,39244299654660101,C~+~+
502.782,底部弹幕,中,红,1601993806,0,f40fbc93,39243812179542023,摄影师梁非凡一桌
35.92,普通弹幕,中,白,1601993455,0,9fa1767,39243628151308295,好像绯弹的亚里亚
1252.777,普通弹幕,中,白,1601992144,0,43789156,39242941049339907,死吧
33.1,普通弹幕,中,白,1601991731,0,4c2a282b,39242724268834819,众所周知，学院都市是很安全的地方
804.593,普通弹幕,中,白,1601990097,0,6021813e,39241867669798919,黑子好可爱
230.099,普通弹幕,中,白,1601989978,0,282ead75,39241805291585541,哔哩哔哩
471.24,普通弹幕,中,白,1601989618,0,6021813e,39241616469786627,已投币
996.761,普通弹幕,中,白,1601988636,0,9b1d0ece,39241101384613891,老傲娇了
668.556,普通弹幕,中,白,1601987785,0,a21c82c9,39240655243837447,三季的25集，就是神仙驾
32.494,普通弹幕,中,白,1601987731,0,9b1d0ece,39240627283034117,一路走好
4.02,普通弹幕,中,白,1601986793,0,3cc8dfca,39240135160102919,再来亿次
179.217,普通弹幕,中,白,1601984092,0,5785dd12,39238719033049091,哔哩哔哩-(゜-゜)つロ乾杯~
78.56,普通弹幕,中,白,1601983598,0,1da6e2f,39238460500869125,开始
875.289,普通弹幕,中,白,1601982214,0,de57f5eb,39237734719029255,这有男主么⊙_⊙
1475.13,普通弹幕,中,白,1601981471,0,fa661dc2,39237345200308231,再嗑亿辈子黑琴
1251.324,普通弹幕,中,白,1601977807,0,1e5a3a0d,39235424344866819,一路走好
1294.932,普通弹幕,中,白,1601973187,0,b61c6e11,39233001953951747,一枚硬币足欸
405.768,普通弹幕,中,白,1601972549,0,225f5829,39232667389526023,wwwwww
135.883,底部弹幕,中,黄,1601972472,0,f40fbc93,39232627005194247,最安全的地方（确信
98.433,底部弹幕,中,黄,1601972318,0,f40fbc93,39232546090254339,众所周知 暴汉是高危职业
1406.404,普通弹幕,中,白,1601971421,0,1f533c37,39232075930271749,姐姐读欧捏酱，哥哥读欧尼酱
52.889,普通弹幕,中,白,1601970741,0,b0fa55dc,39231719365672963,来看炮姐的
1017.406,普通弹幕,中,白,1601967638,0,32d0680f,39230092589662213,啊哈哈哈
788.323,普通弹幕,中,白,1601967371,0,32d0680f,39229952913047559,太淦了
771.442,普通弹幕,中,白,1601967355,0,32d0680f,39229944105009159,啊哈哈哈哈
180.895,普通弹幕,中,白,1601966931,0,c2f8774d,39229721728253959,哔哩哔哩-(゜-゜)つロ乾杯~
629.883,底部弹幕,中,白,1601966175,0,1eb52717,39229325415809027,砸挖如都
1134.416,普通弹幕,中,白,1601964666,0,c7bf6d7d,39228534370598919,甘文崔
1307.92,普通弹幕,中,黄,1601964215,0,fc6e3ea5,39228297916186631,温斯顿直呼内行
169.665,普通弹幕,中,白,1601961541,0,a3639e5a,39226896120020997,哔哩哔哩乾杯
6.22,普通弹幕,中,白,1601960785,0,640b8730,39226499874160645,从头复习
116.858,普通弹幕,中,红,1601958846,0,c05e21ed,39225483198464003,试试
105.233,普通弹幕,中,白,1601958835,0,c05e21ed,39225477106237447,试试
247.299,普通弹幕,中,白,1601958438,0,c265289f,39225269249114119,一般市民
37.184,普通弹幕,中,白,1601956183,0,f9bc39ca,39224086734307331,梦开始的地方
183.511,普通弹幕,中,白,1601956057,0,eecfa494,39224020821344261,泪目
953.174,普通弹幕,中,白,1601955251,0,d55da161,39223598482718725,境泽定理
157.783,普通弹幕,中,白,1601953883,0,b6003fad,39222881189101573,哔哩哔哩哔哩哔哩
639.397,普通弹幕,中,白,1601953080,0,49bacfe1,39222460164341765,闹太套那位。泥奏凯
80.864,普通弹幕,中,白,1601948087,0,c180c29,39219842460418055,艺术就是，翻车
222.044,底部弹幕,中,紫,1601947297,0,d0036a29,39219427878109191,哔哩哔哩-(゜-゜)つロ乾杯~
1292.852,普通弹幕,中,白,1601931105,0,2eba94b0,39210938627260419,来二老
611.704,普通弹幕,中,白,1601917269,0,6482187f,39203684723720199,众所周知泪爷是河马亲女儿
507.464,普通弹幕,中,白,1601915744,0,5f439195,39202885235900423,cv7494145
1378.436,普通弹幕,中,白,1601913273,0,2f91d967,39201589971386371,上一个无敌的已经在太空中停止思考了
422.797,普通弹幕,中,绿,1601913005,0,53eeeaa7,39201449232564231,贝蒂！！！
589.755,普通弹幕,中,白,1601912561,0,11904b8e,39201216518422531,泪爷永远滴神
568.442,普通弹幕,中,白,1601912541,0,11904b8e,39201205682438147,官方狙击手
34.339,普通弹幕,中,白,1601911040,0,30ab163f,39200418925379587,小混混危
884.16,普通弹幕,中,白,1601910763,0,4924331a,39200273773625349,游戏中心=军火库
22.729,普通弹幕,中,白,1601910408,0,e05083f5,39200087581655047,这句话要考的
441.34,普通弹幕,中,白,1601910366,0,4a6b8811,39200065340309507,黑子和贝蒂一个声优
411.612,普通弹幕,中,白,1601910264,0,4a6b8811,39200011978801219,原地摔啊哈哈哈
448.268,底部弹幕,中,白,1601910059,0,e32f477f,39199904701612039,莱茵金属
323.441,底部弹幕,中,白,1601909866,0,e32f477f,39199803365130245,卓别林先生
1.751,普通弹幕,中,白,1601907131,0,973081f9,39198369408614407,。。
478.614,普通弹幕,中,白,1601907067,0,43789156,39198336213843973,真涩
934.027,普通弹幕,中,白,1601906887,0,25373f63,39198241580908551,那可是呱太啊
93.751,普通弹幕,中,白,1601905716,0,25373f63,39197627718828037,回眸一笑百媚生 白井黑子误终生
185.119,普通弹幕,中,白,1601905382,0,34511186,39197452574654469,哔哩哔哩( ゜- ゜)つロ乾杯   
197.939,普通弹幕,中,白,1601905306,0,f046852f,39197412656414727,哔哩哔哩
156.739,普通弹幕,中,白,1601905259,0,f046852f,39197388020645895,梦开始的地方
188.479,普通弹幕,中,白,1601903992,0,c673a527,39196723690078211,哔哩哔哩（^O^）干杯
1328.121,普通弹幕,中,白,1601903777,0,1c748e49,39196611170533379,上一个无敌的已经追妻了
163.367,普通弹幕,中,白,1601902821,0,c6994a8e,39196110090141699,为什么没有秋裤
1332.021,普通弹幕,中,白,1601902738,0,69e0f26c,39196066484060165,斯国一
1313.754,普通弹幕,中,白,1601902716,0,69e0f26c,39196054717464581,投币女王
484.357,普通弹幕,中,白,1601902211,0,58b13a7e,39195789824622595,加鸡腿
255.869,普通弹幕,中,白,1601901150,0,225484e7,39195233560297475,男主呱太
146.185,普通弹幕,中,白,1601900846,0,eec2e6d3,39195074254340103,来听歌的
1501.68,普通弹幕,中,白,1601900489,0,4237092,39194887422738439,啦啦啦
18.561,普通弹幕,中,白,1601899841,0,58b13a7e,39194547357483011,雷区蹦迪
505.506,普通弹幕,中,白,1601899716,0,20b9d4b8,39194481776918535,揉胸画面已被裁！
897.084,普通弹幕,中,白,1601898469,0,d86eaf75,39193828055842819,军火库
611.273,普通弹幕,中,白,1601898183,0,d86eaf75,39193678159282179,黑的
4.38,普通弹幕,中,白,1601897763,0,936be615,39193458232524803,完结撒花
1376.661,普通弹幕,中,白,1601896505,0,ea5341c2,39192798578081795,就是贝蒂的声优吧
546.301,普通弹幕,中,白,1601895802,0,c5cbd84b,39192429686947843,女浴室遮啥啊
209.129,普通弹幕,中,白,1601895434,0,a9c767b,39192237031030787,哔哩哔哩 - (゜- ゜)つロ 乾杯~
169.718,普通弹幕,中,白,1601894869,0,b30d29d,39191940450746375,哔哩哔哩-(゜-゜)つロ乾杯~
376.841,普通弹幕,中,白,1601894689,0,ecef120b,39191846131859461,呦西
781.209,普通弹幕,中,白,1601894624,0,e2c2eab2,39191812275961863,az
948.456,普通弹幕,中,白,1601892588,0,b2322ccc,39190744874352645,孤寡孤寡孤寡
753.99,普通弹幕,中,白,1601892175,0,48aa297d,39190528390070277,哔哩哔哩 - ( ゜- ゜)つロ 乾杯~
195.47,普通弹幕,中,白,1601892066,0,1d8a7bda,39190470899793927,哔哩哔哩-（゜-゜）つロ乾杯
1123.286,普通弹幕,中,白,1601892039,0,1b3d4ccc,39190456757649415,抢劫犯危！！！
179.35,普通弹幕,中,白,1601892024,0,1d8a7bda,39190449090461701,哔哩哔哩-（゜-゜）つロ乾杯
171.23,普通弹幕,中,白,1601891995,0,1d8a7bda,39190433754513413,哔哩哔哩-（゜-゜）つロ
1250.625,普通弹幕,中,白,1601891967,0,f1723615,39190419391119367,他完了
1181.27,普通弹幕,中,白,1601891898,0,f1723615,39190382926364679,不愧是黑子啊
62.678,普通弹幕,中,白,1601891523,0,1636f5ca,39190186322034691,万全的治安体系（确信）
676.348,普通弹幕,中,白,1601891492,0,1b3d4ccc,39190170208043011,不是哦
585.068,普通弹幕,中,白,1601891392,0,1b3d4ccc,39190117655511045,所以说初春的能力到底是什么啊
937.772,普通弹幕,中,白,1601889941,0,aa62c17,39189356835504133,用声速说话被光速打脸
453.997,普通弹幕,中,白,1601884784,0,ef57e2bd,39186653497524227,下次
910.164,普通弹幕,中,白,1601884652,0,4ade23bd,39186584323489799,长得像医生的呱太
196.711,普通弹幕,中,白,1601884067,0,31fb9c66,39186277179850821,哔哩哔哩
1288.209,普通弹幕,中,白,1601883353,0,29f4bbaa,39185903072575495,大爷：哟西哟西，感觉很厉害的样子
285.805,普通弹幕,中,白,1601882983,0,57cfe109,39185708752044037,后勤部报告狗都看到了
931.539,普通弹幕,中,白,1601882881,0,29f4bbaa,39185655439818759,此乃二十一世纪最大谎言
931.54,普通弹幕,中,白,1601882853,0,29f4bbaa,39185641089007619,此乃谎言
57.859,普通弹幕,中,白,1601881175,0,4e78478b,39184760999772165,钞能力
0.178,普通弹幕,中,白,1601880535,0,4a6b8811,39184425634758659,居然没破亿？？
458.094,普通弹幕,中,白,1601878648,0,beea24d,39183435977195523,下次一定
1421.126,普通弹幕,中,白,1601878159,0,444f565e,39183179988860933,动作指导皮卡丘
1413.961,普通弹幕,中,白,1601878146,0,444f565e,39183172988567557,动作指导皮卡丘
1386.003,普通弹幕,中,白,1601878083,0,8390e778,39183139900751877,上一个无敌的已经把路飞堵在新世界了
287.43,普通弹幕,中,白,1601875033,0,49d8a3a4,39181540999561219,xcvb
188.142,普通弹幕,中,白,1601873873,0,a71ab033,39180932976476167,哔哩哔哩-(゜-゜)つロ乾杯~
313.889,普通弹幕,中,白,1601873761,0,c77cae7b,39180874196975623,黑子也是白的
18.121,普通弹幕,中,白,1601873047,0,96e71fab,39180499940278279,祖传片头预告
1026.745,普通弹幕,中,白,1601871791,0,a9d5a5c9,39179841235845125,煎饼果子
136.54,普通弹幕,中,白,1601870960,0,2dfe3729,39179405328121863,姐姐大人！
71.499,普通弹幕,中,白,1601870675,0,fc74cb38,39179256234246151,好安全
179.324,普通弹幕,中,白,1601870236,0,8476a453,39179026063425605,哔哩哔哩 - ( ゜- ゜)つロ 乾杯~~
1193.71,普通弹幕,中,白,1601869597,0,9e0b926a,39178690985721927,漩涡长门直呼内行
153.591,普通弹幕,中,白,1601869283,0,eb3cde5a,39178526404902917,哔哩哔哩干杯
143.78,普通弹幕,中,白,1601869265,0,eb3cde5a,39178516596523013,普通市民御坂女士
426.086,普通弹幕,中,红,1601869102,0,8a367914,39178431174279171,菲律宾炸鱼队还可行
1081.755,普通弹幕,中,白,1601869021,0,f57bee7,39178389003698183,劫~匪~~~~
32.052,普通弹幕,中,白,1601868859,0,f7e482d6,39178303954223107,开始吟唱
458.081,普通弹幕,中,白,1601867227,0,6a4144f7,39177448494465031,明示投币
241.064,普通弹幕,中,白,1601865929,0,5f35d4f2,39176767911493637,..
0.302,普通弹幕,中,白,1601865856,0,8526d098,39176729389432837,从第3季来，复习
910.862,普通弹幕,中,白,1601865378,0,31ccfcb5,39176478714232835,男主出场
115.928,普通弹幕,中,白,1601865103,0,eb183f87,39176334695989253,娃娃音
161.791,普通弹幕,中,白,1601865056,0,25d0abe6,39176309915516933,哔哩哔哩(゜-゜)つロ 干杯~
68.736,普通弹幕,中,白,1601863382,0,b1b8680a,39175432242200579,光速打脸
193.933,普通弹幕,中,红,1601863134,0,d9d16b62,39175302445793285,哔哩哔哩 (゜-゜)つロ 干杯~
26.337,普通弹幕,中,白,1601862344,0,cc483c56,39174888384626693,高危职业小混混
205.981,普通弹幕,中,白,1601861764,0,7041b1fe,39174584140824579,没电脑版的强啊……
0.571,普通弹幕,中,白,1601860674,0,92765bd5,39174012710420483,考古
935.848,普通弹幕,中,白,1601859552,0,f701afd8,39173424525344773,77
1125.042,普通弹幕,中,白,1601847961,0,a58d7e94,39167347261964293,熱心市民御阪美琴
1073.822,普通弹幕,中,白,1601836520,0,783b0a8d,39161349248385027,大嘴黑子
870.453,普通弹幕,中,白,1601836277,0,783b0a8d,39161221550178311,军火库
77.328,普通弹幕,中,白,1601831703,0,42282911,39158823628308487,光速
186.345,普通弹幕,中,白,1601831497,0,b171f7dd,39158715468742661,啊巴啊巴
550.042,普通弹幕,中,白,1601829138,0,56bfbf48,39157478849511429,有画面了
1317.801,普通弹幕,中,白,1601827148,0,ece26b54,39156435166691331,这安全裤。。。。。
1125.441,普通弹幕,中,白,1601826941,0,ece26b54,39156326924288003,蝎？
31.121,普通弹幕,中,白,1601825453,0,5548b3db,39155546784268291,梦开始的地方
1085.532,普通弹幕,中,白,1601822632,0,bc18bc3,39154067769917445,哥谭直呼内行
901.783,普通弹幕,中,白,1601821914,0,90b1b064,39153691523022855,怎么说呢。游戏币等于限制器吧！
1360.776,普通弹幕,中,白,1601821815,0,61144071,39153639419805699,正道的光
1274.869,普通弹幕,中,白,1601821729,0,61144071,39153594335756293,强行解说
1080.532,普通弹幕,中,白,1601821535,0,61144071,39153492532658181,安全
186.259,普通弹幕,中,红,1601821200,0,b5932f1c,39153316843225095,哔哩哔哩（゜-゜)つロ 乾杯～～
168.206,普通弹幕,中,白,1601821182,0,b5932f1c,39153307340505155,哔哩哔哩（゜-゜)つロ 乾杯～～
46.335,普通弹幕,中,白,1601821094,0,7f2f0584,39153261397671943,众所周知，这里真的非常安全。
158.559,普通弹幕,中,白,1601820294,0,61144071,39152841700933635,哔哩哔哩
648.139,普通弹幕,中,白,1601820287,0,305699a9,39152838494388231,HOP
84.433,普通弹幕,中,白,1601820219,0,61144071,39152802794569733,安心
25.306,普通弹幕,中,白,1601820146,0,61144071,39152764127281155,快跑
233.579,普通弹幕,中,白,1601819110,0,d77ceb01,39152221309370373,哔哩哔哩乾杯
228.3,普通弹幕,中,白,1601816543,0,88ab29c8,39150875501920261,哔哩哔哩-( ゜-゜)つロ乾杯~
385.564,普通弹幕,中,白,1601815646,0,52c9df73,39150405190942725,M龙？
929.285,普通弹幕,中,白,1601815373,0,1a9b178,39150262095446019,动作指导：呆唯
367.572,普通弹幕,中,白,1601814755,0,1a9b178,39149938125307909,太好了没有男的
341.086,普通弹幕,中,白,1601814722,0,1a9b178,39149920412762119,就是喜欢女校
15.439,普通弹幕,中,白,1601814524,0,f5eb5ea8,39149816820793349,梦开始的地方！
1186.384,普通弹幕,中,红,1601814140,0,3619eb0a,39149615528280067,[The World]
185.462,普通弹幕,中,白,1601813991,0,4580703f,39149537348026371,よろしくお願いします
929.971,普通弹幕,中,红,1601813844,0,3619eb0a,39149460200620039,长腿啊
867.931,普通弹幕,中,黄,1601813754,0,3619eb0a,39149412832247815,军火库无疑了
1211.011,普通弹幕,中,白,1601813483,0,499d7912,39149270991896581,泪爷常用寻找姿势
60.342,普通弹幕,中,红,1601812805,0,3619eb0a,39148915598557187,C——u——b——a——s——e
614.217,普通弹幕,中,白,1601811548,0,b1c4f3c8,39148256419643397,泪爷能力：看剧本
533.897,普通弹幕,中,白,1601811448,0,b1c4f3c8,39148204176965639,复活牛顿仪式开始
1309.792,普通弹幕,中,白,1601811396,0,e23a28d8,39148177018322949,电鸡公主（doge）
1172.609,普通弹幕,中,白,1601811375,0,88986dd3,39148165895553027,路人：小场面
1245.178,普通弹幕,中,白,1601811313,0,e23a28d8,39148133253382147,RIP
828.236,普通弹幕,中,白,1601811030,0,88986dd3,39147984939122693,泪爷美如画
1381.822,普通弹幕,中,白,1601810896,0,fbf390cd,39147914875895813,对的等级也是根据这部番
622.286,普通弹幕,中,白,1601810638,0,f3a63e37,39147779272474627,风暴指挥官
1376.66,普通弹幕,中,白,1601809450,0,ebd97b24,39147156486488069,怎么总有一种，天作孽，犹可恕，自作孽，不可活的感觉。
445.095,普通弹幕,中,白,1601808456,0,fe49e9d8,39146635605835783,若已知硬币电阻，计算炮姐输出电压
481.023,普通弹幕,中,白,1601807571,0,c4f9d78,39146171600994307,哦呼
23.745,普通弹幕,中,白,1601806607,0,25e0b63b,39145666063630341,前方预警
65.699,普通弹幕,中,白,1601806606,0,6e2e322c,39145665424523269,指和洛圣都一样的治安
64.779,普通弹幕,中,白,1601806576,0,6e2e322c,39145649490362373,全剧最大谎言
237.051,普通弹幕,中,红,1601804270,0,79ad0d08,39144440584470533,哔哩哔哩干杯
1124.018,底部弹幕,中,白,1601804146,0,53016c70,39144375479435267,中间那个不是蝎的傀儡吗
1257.234,底部弹幕,中,白,1601803139,0,8d3fd44f,39143847648296967,活着不好吗？
1119.869,底部弹幕,中,白,1601802761,0,8d3fd44f,39143649767325703,抢————劫————犯————
53.83,普通弹幕,中,白,1601802707,0,803c8467,39143621193629703,高——数
1284.315,普通弹幕,中,白,1601801861,0,53a52ec6,39143177943252997,会飞的螺旋丸出现了。
32.359,普通弹幕,中,白,1601801762,0,d65ea59a,39143125900853255,梦回之地
727.473,普通弹幕,中,白,1601801249,0,53a52ec6,39142856887107591,看谁都像上条当麻。
352.862,普通弹幕,中,白,1601800808,0,53a52ec6,39142625409761283,削板军霸的测试成果会是怎样吗？
214.921,普通弹幕,中,白,1601800661,0,53a52ec6,39142548598423555,哔哩哔哩干杯
1253.344,底部弹幕,中,红,1601800597,0,4b553c4b,39142515241648131,活着不好吗
533.37,底部弹幕,中,红,1601799876,0,4b553c4b,39142136760238087,在座各位都学学啊
1252.622,普通弹幕,中,白,1601799630,0,e95e7d,39142008123555845,一路走好
175.703,普通弹幕,中,白,1601799437,0,aa4207b7,39141906799656963,，，
101.569,底部弹幕,中,红,1601799291,0,4b553c4b,39141830279823365,梦想开始的地方
196.5,普通弹幕,中,白,1601798430,0,9b04259f,39141378997878789,哔哩哔哩（°-   °）つ口乾杯
81.66,普通弹幕,中,白,1601798110,0,e10ec0ba,39141210933690371,打脸了
70.8,普通弹幕,中,白,1601798075,0,e10ec0ba,39141192857288711,要翻车了！
98.811,普通弹幕,中,白,1601797821,0,d7a603e4,39141059619979267,可怜╯﹏╰
270.603,普通弹幕,中,白,1601797816,0,9310c61e,39141057076658183,危 售货机 危
1143.748,普通弹幕,中,白,1601796556,0,bb87262a,39140396579160069,路走窄了
160.814,普通弹幕,中,白,1601794572,0,d5f986c2,39139356178907139,梦，开始的地方
1305.581,普通弹幕,中,白,1601793889,0,fee2a76,39138998032531459,狙击手失业番
1271.893,普通弹幕,中,白,1601793817,0,fee2a76,39138960130703365,声控解说
1193.673,普通弹幕,中,白,1601793694,0,fee2a76,39138896075292677,人体描边大师
938.506,普通弹幕,中,白,1601793303,0,fee2a76,39138691080781829,老傲娇了
789.454,普通弹幕,中,白,1601793098,0,fee2a76,39138583541972995,弹性形变
1302.629,普通弹幕,中,红,1601792919,0,c6ea7ded,39138489705431043,要是被车砸到了这可就是另一个故事了
510.158,普通弹幕,中,白,1601792570,0,fee2a76,39138306754084869,糟糕的台词
151.779,普通弹幕,中,白,1601792520,0,dc99f7f,39138280287502343,梦开始的地方
944.544,普通弹幕,中,红,1601792520,0,c6ea7ded,39138280279113733,某科学的超级傲娇炮。
142.119,普通弹幕,中,白,1601792506,0,dc99f7f,39138272793853957,梦开始的地方
470.645,普通弹幕,中,白,1601792506,0,fee2a76,39138272990461957,摄影师加鸡腿
729.874,普通弹幕,中,白,1601792426,0,a374fc01,39138230860775431,黑子声优＝从零，贝蒂
45.359,普通弹幕,中,白,1601792403,0,dc99f7f,39138218794811399,梦开始的地方
290.966,普通弹幕,中,白,1601792258,0,fee2a76,39138142754177029,说得对（狗头）
714.636,普通弹幕,中,红,1601792177,0,c6ea7ded,39138100466155523,不用碎屏真的是太好了
65.44,普通弹幕,中,白,1601791982,0,fee2a76,39137998458060803,万全的治安体系（大嘘）
526.829,普通弹幕,中,白,1601791971,0,c91bd0c6,39137992363737095,禁止随意抛头
55.08,普通弹幕,中,白,1601791959,0,fee2a76,39137986231140359,钞能力！
65.171,普通弹幕,中,白,1601791948,0,3e022731,39137980505391107,C++
1244.094,普通弹幕,中,白,1601791928,0,cee2ee0e,39137969964056583,危 混混 危
29.3,普通弹幕,中,白,1601791882,0,fee2a76,39137945808011269,危 小混混 危
22.44,普通弹幕,中,白,1601791733,0,a374fc01,39137867924504583,高危职业
275.115,普通弹幕,中,红,1601791658,0,c6ea7ded,39137828320313349,冥场面
258.107,普通弹幕,中,红,1601791627,0,c6ea7ded,39137812123484163,刻在DNA里的声线
219.279,普通弹幕,中,白,1601790101,0,19a3771,39137012161708037,哔哩哔哩
208.779,普通弹幕,中,白,1601790064,0,19a3771,39136992721108997,哔哩哔哩
172.644,普通弹幕,中,白,1601789699,0,21d28259,39136801146273799,哔哩哔哩 - (゜- ゜)つロ 乾杯~
168.297,普通弹幕,中,白,1601788801,0,dd4c03c2,39136330345611267,哔哩哔哩(゜-゜)つロ 干杯~
153.373,普通弹幕,中,白,1601787353,0,e95e7d,39135571168722951,哔哩哔哩干杯
142.563,普通弹幕,中,白,1601787341,0,e95e7d,39135565038223367,高能预警
125.244,普通弹幕,中,白,1601786735,0,ce233535,39135247460204547,贝蒂味太冲了哈哈哈
192.058,普通弹幕,中,白,1601786557,0,2763c70e,39135154071404549,教主！
1134.7,普通弹幕,中,白,1601786197,0,fa99a848,39134965415804931,快跑
933.354,普通弹幕,中,白,1601786180,0,b9bbf3de,39134956552192007,++
233.116,底部弹幕,中,白,1601786171,0,d3ebbad3,39134951604486151,哔哩哔哩( ゜- ゜)つロ乾杯～
161.505,普通弹幕,中,白,1601785931,0,85e26983,39134825719791623,哔哩哔哩干杯！！
283.902,普通弹幕,中,白,1601785235,0,87db9096,39134460963717127,也是有原因的
113.34,普通弹幕,中,白,1601785032,0,87db9096,39134354324062215,呆唯
78.697,普通弹幕,中,白,1601784984,0,87db9096,39134329499549703,真安全
388.131,普通弹幕,中,白,1601782038,0,28f29c6b,39132784732667909,大小姐
1292.723,普通弹幕,中,白,1601780933,0,5edaa52f,39132205624066053,教主表示一只手的问题。
196.169,普通弹幕,中,白,1601779647,0,ff85b20d,39131531441602563,哔哩哔哩 (゜-゜)つロ 干杯~
185.089,普通弹幕,中,白,1601779635,0,ff85b20d,39131524674093063,哔哩哔哩 (゜-゜)つロ 干杯~
13.63,普通弹幕,中,白,1601776100,0,cfdb8d2b,39129671617478659,复习复习
334.572,普通弹幕,中,白,1601774636,0,fd35545a,39128904023670789,元。
1383.353,普通弹幕,中,白,1601773341,0,86997ca0,39128225009369091,上一个无敌的已经成冰箱了
405.094,普通弹幕,中,白,1601773258,0,c2e8fde1,39128181730967559,说像的人去查查就是一个声优。
132.796,普通弹幕,中,白,1601773058,0,c2e8fde1,39128076615942149,世界上最安全的两个地方，冬木市和学院都市。
1418.31,普通弹幕,中,白,1601772342,0,1d5fd992,39127701201092611,人性皮卡丘
48.425,普通弹幕,中,白,1601770881,0,aed82e04,39126935535616005,有点6
253.859,普通弹幕,中,白,1601756052,0,eb350c1d,39119160380227591,贝蒂？
240.42,普通弹幕,中,白,1601756034,0,eb350c1d,39119151282782213,贝蒂？
945.3,普通弹幕,中,白,1601753275,0,d3628f5e,39117704618573827,孤寡
448.853,普通弹幕,中,白,1601749883,0,bc5d9c9b,39115926368419847,没有男主？
336.173,普通弹幕,中,白,1601749751,0,bc5d9c9b,39115857090052099,有没有男主？
162.635,普通弹幕,中,白,1601747060,0,ca753a41,39114446085816325,热心市民
122.98,普通弹幕,中,白,1601746420,0,a539191a,39114110713987075,真的是贝蒂？
1125.698,普通弹幕,中,白,1601746103,0,6ece6d07,39113944473272327,不要笑快跑
180.281,普通弹幕,中,白,1601744745,0,6d00c57f,39113232591355907,哔哩哔哩 - ( ゜- ゜)つロ 乾杯~
1317.406,普通弹幕,中,白,1601743924,0,c67c80c9,39112801993621509,好惨一劫匪
26.147,普通弹幕,中,白,1601743695,0,dcd4ab1,39112682126180355,这话食蜂和大爷也都说过
907.387,普通弹幕,中,白,1601743592,0,bd3f796f,39112627759087621,很像医生的呱太
67.305,普通弹幕,中,白,1601743002,0,2408efa6,39112318617387015,请各位家长安息(滑稽保命)
123.729,底部弹幕,中,白,1601742379,0,c9b0a30b,39111991860658181,台词念完
0.0,底部弹幕,中,淡蓝,1601742219,0,c9b0a30b,39111908272898051,梦开始的地方
173.143,普通弹幕,中,白,1601740363,0,c615b26c,39110935301324803,干杯
791.358,普通弹幕,中,白,1601739287,0,59a32744,39110370777366535,高光没了
1270.312,普通弹幕,中,白,1601738375,0,f3e6f40c,39109893027266563,劫————匪————
1194.822,普通弹幕,中,白,1601735560,0,99fff4fb,39108416936869895,人体描边大师
1179.542,普通弹幕,中,白,1601735531,0,99fff4fb,39108401667506183,火遁•打不到人之术
233.98,普通弹幕,中,白,1601735237,0,7ea41e5d,39108247462346759, 哔哩哔哩干杯
856.622,普通弹幕,中,白,1601735139,0,625ea185,39108196029693955,抱头蹲防
8.322,普通弹幕,中,白,1601735058,0,e512db85,39108153936707591,起飞
151.686,普通弹幕,中,白,1601734723,0,bd3f796f,39107978318577667,哔哩哔哩-(゜-゜)つロ乾杯
172.841,普通弹幕,中,白,1601733175,0,12ff4b05,39107166611177479,哔哩哔哩( ゜- ゜)つロ乾杯
196.548,普通弹幕,中,白,1601732946,0,1a86d676,39107046508855301,哔哩哔哩 - (゜- ゜)つロ 乾杯~
203.923,普通弹幕,中,白,1601732654,0,637807ed,39106893286211591,哔哩哔哩乾杯
506.84,普通弹幕,中,白,1601731782,0,bd3f796f,39106436082434051,一个杯伤的故事
140.6,普通弹幕,中,白,1601731392,0,bd3f796f,39106231565549571,碧翠丝？
21.245,普通弹幕,中,白,1601730350,0,1a750eba,39105685343961093,小混混，危
9.426,普通弹幕,中,白,1601730224,0,7c269ac1,39105619216564229,发现宝藏
1200.106,普通弹幕,中,白,1601729002,0,bd43a1,39104978780422149,大乔
75.001,普通弹幕,中,白,1601728779,0,e1459649,39104861652385795,670000硬币，，，
1032.203,普通弹幕,中,白,1601728426,0,f85603a7,39104676815175687,纳豆小僧
149.764,底部弹幕,中,白,1601728011,0,e7c0f790,39104458901159941,刻在DNA里的op
29.43,底部弹幕,中,白,1601727865,0,e7c0f790,39104382452629511,首尾呼应
642.977,普通弹幕,中,白,1601727287,0,b14bde70,39104079404204035,这个表情像摇曳的京子
112.979,普通弹幕,中,白,1601725748,0,f343a5ab,39103272515010565,碧翠子
236.185,普通弹幕,中,白,1601724845,0,40c72057,39102799268020231,喂喂喂
1247.546,普通弹幕,中,绿,1601724833,0,7d752fa3,39102793099247619,走好
959.486,普通弹幕,中,绿,1601724708,0,7d752fa3,39102727348289543,呱呱呱
829.773,普通弹幕,中,红,1601724617,0,7d752fa3,39102679628644357,泪爷
164.587,普通弹幕,中,白,1601724187,0,bd93cc1c,39102454269214727,站歌！
991.486,普通弹幕,中,白,1601723694,0,90ec8a1,39102195479085061,炮姐赛高
21.725,普通弹幕,中,白,1601723068,0,35364e9b,39101867734073347,复习开始的地方
342.569,普通弹幕,中,白,1601722426,0,a853eb37,39101530709164037,天堂
193.384,普通弹幕,中,白,1601720969,0,e5752c35,39100767245172741,哔哩哔哩 - (゜- ゜)つロ 乾杯~
1161.566,普通弹幕,中,白,1601719749,0,40235e9b,39100127564529671,男孩子在外面要保护好自己
218.803,普通弹幕,中,白,1601719581,0,ae4ce664,39100039045840901,哔哩哔哩干杯
1138.125,底部弹幕,中,黄,1601718891,0,31d09035,39099677528293443,KI MO Y……走错了对不起
802.398,普通弹幕,中,白,1601718589,0,69a5ff1f,39099519097896963,哈哈哈哈哈
261.929,普通弹幕,中,白,1601717787,0,985b84bb,39099098574356487,贝蒂的声优？
805.261,普通弹幕,中,白,1601716840,0,b6ad9736,39098602184769539,龙儿？
184.301,普通弹幕,中,白,1601716635,0,559aca0a,39098494520131587,哔哩哔哩 - (゜- ゜)つロ 乾杯~
31.638,普通弹幕,中,白,1601715944,0,c4a8f7d,39098132552220675,小混混危
882.745,普通弹幕,中,白,1601715922,0,d6c8a44e,39098120955494407,t0大于t1
751.092,普通弹幕,中,白,1601715765,0,d6c8a44e,39098038507536389,把好像去掉，就是贝蒂
1074.377,普通弹幕,中,白,1601714634,0,2ac196c7,39097445558255623,男主呱太再问自杀
929.448,普通弹幕,中,白,1601714489,0,2ac196c7,39097369516572679,光速打脸
761.067,普通弹幕,中,白,1601714320,0,2ac196c7,39097281289912323,危  黑子  危
688.46,普通弹幕,中,白,1601714248,0,2ac196c7,39097243264352263,泪爷刚上号不太习惯
507.338,普通弹幕,中,白,1601714059,0,2ac196c7,39097144225824773,自己脑补
477.908,普通弹幕,中,白,1601714030,0,2ac196c7,39097128792883205,摄影师国宴
269.499,普通弹幕,中,白,1601713821,0,2ac196c7,39097019549614087,黑子和贝蒂一个声优
148.083,普通弹幕,中,白,1601713677,0,2ac196c7,39096943846621253,普通市民
70.927,普通弹幕,中,白,1601713600,0,2ac196c7,39096903396229125,光速打脸
59.426,普通弹幕,中,白,1601713588,0,2ac196c7,39096897362722821,最“安全”
27.871,普通弹幕,中,白,1601713557,0,2ac196c7,39096880903749639,危   混混   危
64.55,普通弹幕,中,白,1601710737,0,7cc2d832,39095402586177541,c++
0.0,普通弹幕,中,白,1601710053,0,12c259e6,39095043845783559,梦开始的地方
970.921,普通弹幕,中,白,1601709512,0,fde2e5f2,39094760159838215,噗哈哈哈
934.484,普通弹幕,中,白,1601709465,0,fde2e5f2,39094735816622083,孤寡
588.841,普通弹幕,中,白,1601708938,0,fde2e5f2,39094459339636739,男主呢
174.909,普通弹幕,中,白,1601708695,0,c9a69ab4,39094331668168709,男主呱太再问自杀
938.521,普通弹幕,中,白,1601708388,0,8288aa08,39094170864844805,哈哈哈哈
1190.872,普通弹幕,中,白,1601707157,0,7e98978d,39093525389246469,砸瓦鲁多
162.548,普通弹幕,中,白,1601706196,0,2a7aa0cb,39093021912334343,哔哩哔哩 (゜-゜)つロ 干杯~
95.86,普通弹幕,中,白,1601706134,0,6179b0ef,39092989354049543,杜王町才是最安全的（狗头）
526.659,普通弹幕,中,白,1601705830,0,5ec6d812,39092830009294855,亚卡玛希
235.609,普通弹幕,中,白,1601705710,0,2ddeb9ee,39092766934827013,用心做超炮，用手捏魔禁，用脚踹科方
397.768,普通弹幕,中,白,1601703174,0,2bde9f1f,39091437210959875,智子
183.325,普通弹幕,中,白,1601702861,0,61a3079b,39091273251946501,哔哩哔哩万岁！
570.471,普通弹幕,中,白,1601702083,0,58ef087e,39090865179197443,lsp
1283.381,普通弹幕,中,白,1601700747,0,7ef891db,39090164754022403,学园都市之巅的七名超能力者的第三位
65.674,普通弹幕,中,白,1601698625,0,dfd11bc9,39089052354347013,钞能力！（doge）
108.886,普通弹幕,中,白,1601697468,0,c002d903,39088445887873027,嘿嘿嘿嘿嘿
1234.927,普通弹幕,中,白,1601695500,0,65875549,39087414040330243,敢打泪爷，作死
202.657,普通弹幕,中,白,1601694722,0,1e51249f,39087006275338243,魔法禁书目录
117.526,普通弹幕,中,白,1601694606,0,c97b5528,39086945357791237,初春的举手
137.81,普通弹幕,中,白,1601694005,0,6f518324,39086630095552515,哥谭市东瀛外传
385.194,普通弹幕,中,白,1601693853,0,65875549,39086550363930631,光子好
1370.084,底部弹幕,中,红,1601693568,0,c03e8804,39086401227587587,艾伦？哪个艾伦？
490.976,普通弹幕,中,白,1601693370,0,7b168bc,39086297031639047,原来这就是炮姐呀
149.825,普通弹幕,中,白,1601692567,0,d48c3f72,39085876072939523,求bgm
1079.644,普通弹幕,中,白,1601691702,0,b1fdbd66,39085422534983683,黑子吃的好快
360.66,普通弹幕,中,白,1601690393,0,2edf3860,39084736182222855,这个番没男的？
43.619,普通弹幕,中,白,1601689639,0,52b75f0c,39084340819263493,解说员小姐姐危
516.35,普通弹幕,中,白,1601688152,0,bc1121c7,39083561519677443,果然是变态吧
9.619,普通弹幕,中,白,1601687216,0,c5afa2c,39083070635638789,温故而知新
1240.616,普通弹幕,中,白,1601675039,0,10b2501c,39076686518550533,感觉车没了
1173.138,普通弹幕,中,白,1601674958,0,10b2501c,39076643982540803,什么意思
1136.338,普通弹幕,中,白,1601674911,0,10b2501c,39076619121328135,菜逼蛋
1004.861,普通弹幕,中,白,1601674811,0,10b2501c,39076566773792773,西内了
937.981,普通弹幕,中,白,1601674732,0,10b2501c,39076525620854789,老傲娇了
1028.083,普通弹幕,中,白,1601671967,0,7fcdb2c5,39075076123394055,关键是。。为什么有纳豆卖。。。？
682.204,普通弹幕,中,白,1601654310,0,27e2a4d2,39065818309853191,大爷什么时候登场？
82.966,普通弹幕,中,白,1601652232,0,dd745df8,39064729030754307,哈哈哈
32.525,普通弹幕,中,白,1601652182,0,dd745df8,39064702692622339,小混混危
627.252,普通弹幕,中,白,1601651821,0,7826fa20,39064513709867015,长得好看就是超能力
1127.248,普通弹幕,中,白,1601651531,0,6745d17c,39064361464496135,劫匪 危
1328.089,普通弹幕,中,白,1601651343,0,223a9bee,39064263136378949,上一个无敌的已经停止了思考。
445.187,普通弹幕,中,白,1601651050,0,2b63dc58,39064109112098819,df17小场面
1330.898,普通弹幕,中,白,1601649445,0,c5bac46,39063267706929155,哇！看起来很厉害。
805.933,普通弹幕,中,白,1601649207,0,f86c2ab7,39063143093633031,都一脸懵壁
539.504,普通弹幕,中,白,1601648929,0,f86c2ab7,39062997073133573,那两个男同学看呆了
58.139,普通弹幕,中,白,1601648867,0,53aa8d9e,39062964794294277,众所周知学园都市十分核谐
816.004,普通弹幕,小,白,1601647435,0,1a3b9bd2,39062214177980423,美琴L5电击使，黑子L4空间移动，初春L1恒温操作
1374.001,普通弹幕,中,白,1601647266,0,1d7948e1,39062125211025413,姐姐也是欧尼酱？
1276.922,普通弹幕,中,白,1601647134,0,1d7948e1,39062056336359429,投币可以变强
744.875,普通弹幕,中,白,1601647112,0,b1452325,39062044575531015,妈耶，真的好像贝蒂
794.001,普通弹幕,中,白,1601646899,0,5b9f1f64,39061932953042951,太宠了吧！
168.948,普通弹幕,中,白,1601645561,0,1078a278,39061231725182979,哔哩哔哩( ゜- ゜)つロ乾杯
162.738,普通弹幕,中,白,1601645543,0,1078a278,39061221966086147,哔哩哔哩(゜-゜)つロ 干杯~
782.69,普通弹幕,中,白,1601645474,0,7fecc7f1,39061186078048259,捏脸脸，炮姐够温柔的了
230.596,普通弹幕,中,白,1601645096,0,a638ab33,39060987643953155,这部番有男主吗
707.529,普通弹幕,中,白,1601644435,0,1a3b9bd2,39060641236385799,不是百合番！
626.469,普通弹幕,小,白,1601644282,0,1a3b9bd2,39060560854646789,别乱说话，超炮不是百合番，只是没有男主，找男主可以去看魔禁
945.32,普通弹幕,中,白,1601642799,0,c339276c,39059783623901189,教科书式傲娇
1124.327,普通弹幕,中,白,1601641595,0,ec899d83,39059152192929797,一般市民御坂美琴
969.623,普通弹幕,中,白,1601641440,0,ec899d83,39059071092391943,哈哈哈
605.654,底部弹幕,中,白,1601640872,0,c217f783,39058773179891717,狙击手别报告了 炊事班都看见了
936.315,普通弹幕,中,白,1601640824,0,c73401e6,39058747992571907,当然是呱太
216.062,普通弹幕,中,白,1601640687,0,ec899d83,39058676201291781,哔哩哔哩-(゜-゜)つロ乾杯~
581.303,普通弹幕,中,白,1601640469,0,c73401e6,39058561872429061,上升气流LⅤ6泪爷
432.778,普通弹幕,中,白,1601640321,0,c73401e6,39058484021428227,不就是一枚游戏币吗？不㤺
1356.46,普通弹幕,中,白,1601639729,0,6d732b60,39058173572677637,语音指导：当妈
243.02,普通弹幕,中,白,1601639336,0,c1fc2b03,39057967703130119,哔哩哔哩 - ( ゜- ゜)つロ 乾杯~ 
169.417,普通弹幕,中,白,1601638517,0,34c034ef,39057538181234691,哔哩哔哩(゜-゜)つロ 干杯~-
232.992,普通弹幕,中,白,1601638317,0,43b712c1,39057433309478917,高清好爽！
28.82,普通弹幕,中,白,1601636944,0,e2cf2738,39056713541222407,回来温习
0.0,普通弹幕,中,白,1601636705,0,19253b25,39056588205981701,`1
1250.38,普通弹幕,中,白,1601632957,0,5705303f,39054623157780487,一路走好
483.257,普通弹幕,中,白,1601632704,0,b5b62e2d,39054490587365383,hh
693.02,普通弹幕,中,白,1601632399,0,5705303f,39054330942193667,泪爷唯一一次拿错剧本
1262.964,普通弹幕,中,白,1601631637,0,38b7c895,39053931509710851,一路走好
1222.764,普通弹幕,中,白,1601631593,0,38b7c895,39053908253343751,柯南杀毒能力死人
1175.563,普通弹幕,中,白,1601631537,0,38b7c895,39053879084580869,麦基小子雷德
1010.684,普通弹幕,中,白,1601631346,0,38b7c895,39053778743721991,此时一个傲娇又恢复了梦想
997.833,普通弹幕,中,白,1601631313,0,38b7c895,39053761389789191,此时一只傲娇失去了梦想
160.12,普通弹幕,中,白,1601630638,0,28b2c055,39053407339151365,BGM！！
1308.497,普通弹幕,中,白,1601628074,0,5fb54d8f,39052063499354119,市政?
465.305,普通弹幕,中,白,1601626768,0,ed4bb7b7,39051378477760519,已投币
815.009,普通弹幕,中,白,1601625639,0,a3102f53,39050786514665477,哔哩哔哩-(°-°)つ口乾杯
197.412,普通弹幕,中,白,1601624982,0,a3102f53,39050442443325445,哔哩哔哩-(°-°)つ口乾杯
46.566,普通弹幕,中,白,1601624829,0,a3102f53,39050361737576451,NB
502.147,普通弹幕,中,白,1601624368,0,95586f09,39050120147763207,前方高能
147.624,底部弹幕,中,黄,1601622132,0,dc5488dd,39048947717111813,【The world】
1038.124,普通弹幕,中,白,1601621937,0,63dd9391,39048845606256647,纳豆
213.373,普通弹幕,中,白,1601621787,0,9f44bf56,39048767218909251,哔哩哔哩
92.221,普通弹幕,中,白,1601621404,0,cd77cccd,39048566255648773,暗权（doge）
63.3,普通弹幕,中,白,1601620242,0,e5b9e649,39047956898775043,众所皆知，学院都市是最安全的地方
48.304,普通弹幕,中,白,1601620193,0,e5b9e649,39047931241693189,好看
28.741,普通弹幕,中,白,1601620173,0,e5b9e649,39047921049010179,天呐
1157.499,普通弹幕,中,白,1601616143,0,bf168abb,39045808049881095,原来这个番有男的
1256.217,普通弹幕,中,白,1601613464,0,b40108c5,39044403284148227,下辈子注意点就行。
1256.217,普通弹幕,中,白,1601613412,0,b40108c5,39044376337842183,炮姐
163.862,普通弹幕,中,白,1601613292,0,f0b70a1b,39044313361416197,黑子高帅！！！
154.144,普通弹幕,中,白,1601613283,0,f0b70a1b,39044308297842691,黑子美如画！！！
147.792,普通弹幕,中,白,1601613276,0,f0b70a1b,39044305002168327,黑子高帅！！！
228.258,普通弹幕,中,白,1601613170,0,d6cf6bda,39044249128271875,下饭
206.288,普通弹幕,中,白,1601612360,0,548514c1,39043824542023683,哔哩哔哩干杯
206.709,底部弹幕,中,白,1601611000,0,13b440a5,39043111826489349,哔哩哔哩( ゜- ゜)つロ乾杯
152.073,普通弹幕,中,白,1601610939,0,666492af,39043079350517765,梦，开始的地方
1292.106,底部弹幕,中,白,1601610367,0,a33b4d0c,39042779989934087,击发
1281.136,底部弹幕,中,白,1601610351,0,a33b4d0c,39042771071795205,装弹
67.798,普通弹幕,中,白,1601609506,0,a1a480ae,39042328369299459,航海技术
67.084,普通弹幕,中,白,1601606906,0,6f429484,39040965048532997,安全的学园都市
1255.809,普通弹幕,中,白,1601605345,0,f05f98fa,39040146642829317,劫匪  危
388.848,普通弹幕,中,白,1601603805,0,e10068f2,39039339377721351,婚后。。。。光子。。。
344.288,普通弹幕,中,白,1601603740,0,e10068f2,39039305217212421,。。。。。
342.568,普通弹幕,中,白,1601603725,0,e10068f2,39039297197178883,啊这。。。
1128.785,普通弹幕,中,白,1601599808,0,be221e4d,39037243828994119,这不是蝎大哥的傀儡吗
586.439,普通弹幕,中,白,1601596492,0,5334fa1f,39035505459331079,俺也一样
1235.806,普通弹幕,中,白,1601593481,0,786ffd6a,39033926701285381,壮士走好抬走不送
1188.561,普通弹幕,中,白,1601593434,0,786ffd6a,39033901920813061,真·小黑加人体描边大师。
1166.716,普通弹幕,中,白,1601593221,0,786ffd6a,39033790350753799,真·三味真火
938.323,普通弹幕,中,白,1601592900,0,786ffd6a,39033622014459909,傲娇
273.72,普通弹幕,中,白,1601577129,0,327e9d4d,39025353223045125,贝蒂贝蒂！
211.048,普通弹幕,中,白,1601572578,0,7b992558,39022967323623429,温顾而知新
609.406,普通弹幕,中,白,1601571460,0,6e060338,39022381046431751,李洛克直呼内行
578.062,普通弹幕,中,白,1601570289,0,82eb1bc5,39021767284490243,来吧来吧
462.726,普通弹幕,中,白,1601568099,0,786ffd6a,39020619233755143,暗示投币?
39.172,普通弹幕,中,白,1601567647,0,786ffd6a,39020381985046533,众所周知，这里真的非常安全。
27.713,普通弹幕,中,白,1601567428,0,786ffd6a,39020267328503811,危危危
21.66,普通弹幕,中,白,1601567392,0,786ffd6a,39020248356618247,再来亿万次
886.543,普通弹幕,中,白,1601564184,0,baaac14b,39018566355255301,黑子是和贝蒂一样的配音吗？
196.52,普通弹幕,中,白,1601562898,0,30e152e5,39017892422352901,哔哩哔哩干杯
1066.428,普通弹幕,中,白,1601561763,0,66b25b63,39017296994238467,可丽饼的饼是烘焙的，而煎饼果子的饼是蛋和面饼煎的
1041.849,普通弹幕,中,白,1601561672,0,66b25b63,39017249647362053,可丽饼和煎饼果子不一样哦，可丽饼是甜点的
1123.299,底部弹幕,中,红,1601559782,0,25b86c0b,39016258821685255,劫匪 危
9.359,普通弹幕,中,白,1601558579,0,3c3b4b7c,39015627670159367,温习
230.922,底部弹幕,中,黄,1601557374,0,f884eecc,39014996357677063,哔哩哔哩 - (゜- ゜)つロ 乾杯~
911.505,普通弹幕,中,白,1601556749,0,6a4d88bf,39014668540313603,哈哈哈哈
1199.43,普通弹幕,中,白,1601549308,0,93aee921,39010767379365893,抢劫失败 原因:莱斯特跑路了
1069.61,普通弹幕,中,白,1601549087,0,93aee921,39010651235942407,全福银行差事
875.568,普通弹幕,中,白,1601544634,0,26aeb441,39008316433629187,开炮‘’
35.5,普通弹幕,中,白,1601544008,0,26bc2b67,39007988496203783,绅士番？
64.309,普通弹幕,中,白,1601542975,0,dc113f56,39007446984818693,量子力学
1261.894,普通弹幕,中,白,1601541559,0,a960ca84,39006704248029191,哈哈哈哈哈官方吐槽
186.786,普通弹幕,中,白,1601540850,0,fee4aac3,39006332767961093,哔哩哔哩 (゜-゜)つロ 乾杯~
156.361,普通弹幕,中,黄,1601540778,0,bab46cda,39006294831529989,哔哩哔哩-(゜-゜)つロ 乾杯~
153.815,普通弹幕,中,黄,1601540710,0,bab46cda,39006259414302723,哔哩哔哩-(゜-゜)つロ乾杯~
829.315,普通弹幕,中,白,1601538391,0,b2c8f01f,39005043776028677,鬼畜君在哪里
777.129,普通弹幕,中,白,1601538340,0,b2c8f01f,39005016606375939,危危危危
63.951,普通弹幕,中,白,1601537615,0,5616eefe,39004636477652995,学的是炮姐神曲
19.84,普通弹幕,中,白,1601537579,0,3dd989fb,39004618010656773,啊，梦开始的地方啊
1297.228,普通弹幕,中,白,1601537471,0,1f4f4fe3,39004561348755463,一阳指
1196.828,普通弹幕,中,白,1601537359,0,1f4f4fe3,39004502414589957,裙子里面应有尽有
236.1,普通弹幕,中,白,1601530872,0,2c7cd4af,39001101314293829,哔哩哔哩-(゜-゜)つロ乾杯~
924.732,普通弹幕,中,白,1601530359,0,6bb81131,39000832744095747,呱太！
1077.626,普通弹幕,中,白,1601528245,0,baab6810,38999724289163271,比柯南还好使啊！
1248.268,普通弹幕,中,白,1601527691,0,d29e8e2c,38999433603448839,劫匪一路走好
999.507,普通弹幕,中,白,1601527408,0,d29e8e2c,38999285343715331,一个御坂美琴失去了梦想
476.941,普通弹幕,中,白,1601526644,0,cfc574ff,38998884680728583,前方高能预警
1169.921,底部弹幕,中,白,1601526441,0,641170af,38998778390249477,草薙京！！！
945.445,底部弹幕,中,绿,1601522998,0,500e9ee1,38996973016580103,呱呱呱
1236.46,普通弹幕,中,白,1601522887,0,3b5a055c,38996915204390917,下辈子注意点
223.088,底部弹幕,中,黄,1601522861,0,65495c0d,38996901573427207,哔哩哔哩 (゜-゜)つロ 干杯
214.505,普通弹幕,中,白,1601522853,0,65495c0d,38996897074511877,哔哩哔哩 (゜-゜)つロ 干杯
472.258,普通弹幕,中,白,1601522676,0,f05f98fa,38996804420239365,下次一定
711.92,普通弹幕,中,白,1601522088,0,8082bc19,38996496065495043,初春饰利cv丰崎爱生
14.014,底部弹幕,中,红,1601521810,0,954715ca,38996350370054147,从超炮T回来，温故而知新
425.793,普通弹幕,中,白,1601521766,0,8082bc19,38996327517913095,常盘台s不是女王吗，食蜂操祈
356.934,普通弹幕,中,白,1601521676,0,8082bc19,38996280204066819,食蜂操祈女王
275.61,普通弹幕,中,白,1601521585,0,8082bc19,38996232323465223,魔禁剧情不是一般人能看懂
178.093,普通弹幕,中,白,1601521495,0,8082bc19,38996184991268871,国漫还沉迷于3D建模中无法自拔，
12.319,普通弹幕,中,白,1601519793,0,f8e60bce,38995292896362503,这个蝉鸣太真实了
178.45,普通弹幕,中,白,1601518977,0,b2ebbfb0,38994864998711301,哔哩哔哩-(゜-゜)つロ乾杯~
158.382,普通弹幕,中,白,1601514073,0,8e3be815,38992293735694341,哔哩哔哩-(゜-゜)つロ乾杯~
336.381,普通弹幕,中,白,1601509080,0,5b8a4b3d,38989676110413831,真是百看不厌呐 
10.472,普通弹幕,中,白,1601508664,0,5b8a4b3d,38989458152882183,恭喜各位发现了宝藏番 
277.438,普通弹幕,中,白,1601508645,0,c501d78a,38989448055619589,贩卖机:玩不起？
178.111,普通弹幕,中,白,1601507790,0,64b3d9c0,38989000034746371,这首歌这么熟！！！
749.831,普通弹幕,中,白,1601505179,0,6734c89a,38987630738145285,果然还是更喜欢超炮
161.313,普通弹幕,中,白,1601488393,0,3de9ea4c,38978830093254663,哔哩哔哩乾杯
146.315,普通弹幕,中,白,1601486367,0,72adaa8d,38977768033615875,热血开头！
37.019,普通弹幕,中,白,1601485615,0,a648931,38977373852401667,众所周知，学园都市是最安全的地方
1418.132,普通弹幕,中,白,1601485398,0,85de2b7c,38977260158451715,万雌炮
166.889,普通弹幕,中,白,1601484771,0,9ddcd6d5,38976931251617795,哔哩哔哩(゜-゜)つロ 干杯~
1164.969,普通弹幕,中,白,1601483745,0,3eb26a08,38976393197912069,柯南的是真的牛的
154.134,普通弹幕,中,白,1601483743,0,96c15897,38976392391032837,哔哩哔哩
233.134,普通弹幕,中,白,1601482363,0,22d16da5,38975668589953031,男主呢
931.828,普通弹幕,中,白,1601482169,0,b5beeb39,38975566844002311,那书包上那个呱太是怎么回事？
336.294,普通弹幕,中,白,1601481783,0,8994606b,38975364455202821,没有男生呀羡慕了
184.233,普通弹幕,中,白,1601480872,0,e21f3ff8,38974886785843203,哔哩哔哩 - (゜- ゜)つロ 乾杯~
177.918,普通弹幕,中,白,1601480858,0,e21f3ff8,38974879671779331,哔哩哔哩 - (゜- ゜)つロ 乾杯~
200.299,普通弹幕,中,红,1601480804,0,21e8b48c,38974851584622595,哔哩哔哩 - (゜- ゜)つロ 乾杯~
1000.915,普通弹幕,中,白,1601479991,0,135ee4aa,38974425038585861,hhhh
734.558,普通弹幕,中,白,1601478939,0,f145135d,38973873708859395,贝蒂无疑
1333.117,普通弹幕,中,黄,1601477724,0,8857b46b,38973236553711621,无敌？那没事了
170.5,普通弹幕,中,白,1601475654,0,2c968cf9,38972151050010631,哔哩哔哩(゜-゜)つロ 干杯~~
1378.019,普通弹幕,中,白,1601474758,0,1818c183,38971681569505285,上一个无敌的已经停止思考了
1314.777,底部弹幕,中,绿,1601474523,0,1c5a4fd8,38971558510723077,下次一定
682.289,底部弹幕,中,绿,1601474028,0,1c5a4fd8,38971299050029063,真的像亚梦啊
140.11,底部弹幕,中,绿,1601473574,0,1c5a4fd8,38971060940439557,正片
145.974,普通弹幕,中,白,1601473544,0,1c5a4fd8,38971044853710853,正片
257.038,普通弹幕,中,白,1601473303,0,69d60bc1,38970918731513859,这番有男主吗（狗头）
724.318,普通弹幕,中,白,1601473041,0,e7206e30,38970781140516867,阳乃那声优
231.052,底部弹幕,中,粉,1601472746,0,b3749c2e,38970626523791367,哔哩哔哩-(゜-゜)つロ乾杯~
516.156,普通弹幕,中,白,1601471452,0,147a5710,38969948013854725,这里改了
57.238,底部弹幕,中,红,1601471190,0,6b6b38dc,38969810897862659,生    命   缔   造
54.693,普通弹幕,中,白,1601470103,0,f3c6610e,38969240976359427,C++！
193.722,普通弹幕,中,白,1601469979,0,c23fd675,38969175979851783,乾杯
1092.451,普通弹幕,中,白,1601466840,0,fd200b76,38967530322657287,专业
936.494,普通弹幕,中,粉,1601466470,0,b0f49e5e,38967336108032007,出现了！某科学家的超级傲娇炮。
544.958,普通弹幕,中,紫,1601465651,0,b0f49e5e,38966906716684295,动作指导：黑羽快斗、埃罗芒阿
1166.352,普通弹幕,中,棕,1601465459,0,b6080fc9,38966806080651269,柯南既视感
282.249,普通弹幕,中,紫,1601465292,0,b0f49e5e,38966718770970631,自动贩卖机：就挺突然的！
59.769,普通弹幕,小,红,1601465038,0,b0f49e5e,38966585674170375,钞能力？
194.965,底部弹幕,中,红,1601464201,0,88414888,38966146867134469,哔哩哔哩 乾杯~~~
146.979,底部弹幕,中,黄,1601463357,0,d319e7e9,38965704356003843,咂！瓦鲁多！
204.478,底部弹幕,中,红,1601462826,0,63b99e2,38965425787633667,想看男主那个魔法禁书目录
154.729,底部弹幕,中,红,1601462672,0,63b99e2,38965344995377159,这BGM牛B
394.56,普通弹幕,小,青,1601462619,0,2d510397,38965317007310853,嗯。。。
683.612,普通弹幕,中,白,1601461714,0,f93beaa2,38964842745298947,不是被当麻揍了一顿
397.228,普通弹幕,中,白,1601461635,0,8b20f634,38964801399422979,傲娇
780.707,普通弹幕,中,白,1601461311,0,f222a2a7,38964631269015555,来点电脑配件
90.739,普通弹幕,中,白,1601460734,0,f222a2a7,38964328894300163,黑子
198.569,普通弹幕,中,白,1601460177,0,83230272,38964037091852293,h幻想文章
333.39,普通弹幕,中,白,1601460008,0,efc0152c,38963948301582339,www
802.226,普通弹幕,中,橙,1601459956,0,8f8e9f84,38963921233641479,大橘
15.369,普通弹幕,中,白,1601459816,0,b1ab51f8,38963847661879303,HHH
1151.222,普通弹幕,中,白,1601459228,0,3696dd66,38963539577667587,在魔镜里面黑子只能打酱油 
446.51,普通弹幕,中,白,1601458343,0,3696dd66,38963075510435843,当麻：？
740.854,普通弹幕,中,黄,1601454840,0,e48d21e9,38961239011885061,梦开始的地方
496.615,普通弹幕,中,黄,1601454561,0,e48d21e9,38961092471291909,关键没有胸啊
745.67,底部弹幕,中,粉,1601454404,0,cca12661,38961009991352327,以下内容要求全文背诵
529.996,底部弹幕,中,白,1601454299,0,cca12661,38960955222130691,上升气流准备
325.87,普通弹幕,中,白,1601454285,0,e48d21e9,38960947983810565,狙击手别了，伤员都看到了
508.136,底部弹幕,中,白,1601454270,0,cca12661,38960939839520771,黑哥人生巅峰
494.116,底部弹幕,中,白,1601454249,0,cca12661,38960928886095875,前方高能
883.607,普通弹幕,中,白,1601454237,0,19c6ca7a,38960922608795651,常盘台校草
445.331,普通弹幕,中,白,1601453798,0,19c6ca7a,38960692630913031,钢针初速
871.577,普通弹幕,中,白,1601453525,0,325de61d,38960549304205315,游戏中心=军火库
454.697,普通弹幕,中,白,1601452729,0,56d06a04,38960132143448069,有轮廓诶!
824.263,普通弹幕,中,白,1601452508,0,b8b803e2,38960015949168643,呆唯声优
978.879,底部弹幕,中,白,1601450958,0,a982808f,38959203303817223,最左边夏娜
604.668,普通弹幕,中,白,1601449797,0,f9dc9f84,38958594612264967,突击手报告是黑的
1076.705,普通弹幕,中,橙,1601447914,0,f1bc2842,38957607399981059,康娜行为
231.099,普通弹幕,中,白,1601445608,0,7eae0c1e,38956398787690501,哔哩哔哩 - ( ゜- ゜)つロ 乾杯~
902.716,普通弹幕,中,白,1601443262,0,d2948707,38955168765050883,美琴
1239.832,普通弹幕,中,红,1601442552,0,28cf8c09,38954796447694853,一路走好
23.18,普通弹幕,中,白,1601442201,0,de37db64,38954612191395847,开始
459.912,普通弹幕,中,白,1601441742,0,28cf8c09,38954371557359619,下次丕一定
239.169,普通弹幕,中,白,1601441242,0,405ee221,38954109600006147,某科学的炮姐居然也有三季
267.987,普通弹幕,中,白,1601440834,0,738d7d46,38953895352336387,贝蒂的味道
141.079,普通弹幕,中,粉,1601438741,0,83c17404,38952798126080007,哦捏撒嘛
36.459,普通弹幕,中,白,1601438609,0,83c17404,38952729089409029,众所周知小混混是高危职业
1021.665,普通弹幕,中,白,1601437766,0,d0dd350f,38952286926929927,原形毕露
838.07,普通弹幕,中,白,1601437735,0,78ced53d,38952271035236359,awsl
505.343,普通弹幕,中,黄,1601436364,0,c7807a55,38951552164036613,又到了樱花盛开的季节呢
293.887,普通弹幕,中,白,1601436035,0,c7807a55,38951379604078599,加鸡腿
997.657,普通弹幕,中,白,1601430915,0,4eef6a7f,38948695076503559,一个御坂美琴失去了梦想
867.432,普通弹幕,中,白,1601430748,0,4eef6a7f,38948607831310343,好头
783.726,普通弹幕,中,白,1601430664,0,4eef6a7f,38948563854032899,好可爱啊
704.571,普通弹幕,中,白,1601430551,0,4eef6a7f,38948504310644741,泪爷还没觉醒技能
514.66,普通弹幕,中,白,1601430405,0,4eef6a7f,38948427595776005,黑子 卒
496.14,普通弹幕,中,白,1601430375,0,4eef6a7f,38948412067938311,老绅士了
1116.825,普通弹幕,中,白,1601429567,0,dd3278,38947988499333123,蝎老爷也是在这收的傀儡吗？
164.903,普通弹幕,中,白,1601423145,0,d22ad689,38944621289013255,哔哩哔哩 - (゜- ゜)つロ 乾杯~
1001.62,普通弹幕,中,白,1601421544,0,308b09ac,38943782188613637,哦豁
182.932,普通弹幕,中,白,1601417816,0,40032051,38941827569025029,哔哩哔哩(゜-゜)つロ 乾杯~
182.932,普通弹幕,中,白,1601417812,0,40032051,38941825674772487,哔哩哔哩(゜-゜)つロ 乾杯~
182.932,普通弹幕,中,白,1601417808,0,40032051,38941823598592005,哔哩哔哩(゜-゜)つロ 乾杯~
182.932,普通弹幕,中,白,1601417804,0,40032051,38941821273374725,哔哩哔哩(゜-゜)つロ 乾杯~
469.289,普通弹幕,中,白,1601416260,0,1d0142eb,38941011816742917,下次不一定
549.918,普通弹幕,中,白,1601411340,0,7febde9c,38938432363298823,呆唯
155.659,普通弹幕,中,白,1601399921,0,a5ba5d6e,38932445419536387,炮姐无敌
99.649,普通弹幕,中,白,1601398407,0,d7c897d8,38931651582492679,贝蒂
1210.376,底部弹幕,中,红,1601394179,0,1ca7ddb9,38929435072659459,说做不到的别云了，黑子不愿伤人而已
1484.906,普通弹幕,中,白,1601393907,0,b10e23d0,38929292326338563,超炮的op和ed都很好听
181.795,普通弹幕,中,白,1601393771,0,80f1b792,38929221009539075,哔哩哔哩-(゜-゜)つロ乾杯~
62.594,普通弹幕,中,白,1601391376,0,f82170ed,38927965638098951,监护重要的学生实际是重要的实验品
45.924,底部弹幕,中,红,1601389972,0,c78c2fa3,38927229264068611,众所周知，学园都市是全世界最安全的地方
28.244,底部弹幕,中,红,1601389923,0,c78c2fa3,38927203613802503,首尾呼应
231.145,底部弹幕,中,红,1601389180,0,d68b308b,38926814149083139,爷就跳（doge
1388.501,普通弹幕,中,白,1601385671,0,fc8c993d,38924974492745733,上一个无敌的已经坐马桶上了
1392.932,普通弹幕,中,白,1601385622,0,66000e2,38924948824653831,上一个无敌的被削了72刀，现在是小兵头头
646.592,普通弹幕,中,白,1601384780,0,fc8c993d,38924507310718979,这个是事件开始吗？
1011.902,普通弹幕,中,红,1601381979,0,de80932e,38923038816731139,哈哈哈哈
209.746,普通弹幕,中,白,1601378817,0,379efd4d,38921380821467139,哔哩哔哩干杯
31.636,普通弹幕,中,白,1601378024,0,a92521e9,38920965021761539,...
1335.664,普通弹幕,中,白,1601377752,0,f71b3e15,38920822315286531,大爷老妈
5.58,普通弹幕,中,白,1601376477,0,f71b3e15,38920154214039555,从魔禁过来
20.723,普通弹幕,中,红,1601375981,0,17b3d67b,38919893915009029,快跑
1294.452,底部弹幕,中,红,1601375789,0,a8e8d248,38919793225498627,小混混，下辈子投个好胎吧
721.652,普通弹幕,中,白,1601375469,0,4ef54934,38919625558720517,除了炮姐，老七也很好相处吧
151.759,普通弹幕,中,白,1601375240,0,50f5ce36,38919505684987909,啊啊啊
60.779,普通弹幕,中,白,1601374854,0,4ef54934,38919303142572039,没有当麻的能力，不要去撩炮姐
1007.66,底部弹幕,小,黄,1601372777,0,84c54fc5,38918213947359239,哈哈
71.359,普通弹幕,中,白,1601371421,0,42f3c6d0,38917502979276803,秒啊
152.724,普通弹幕,中,白,1601368888,0,fa552dac,38916175245082631,跳过的打断腿
48.303,普通弹幕,中,白,1601367811,0,1a0ec143,38915610693861379,他的左手还是右手无敌于世
167.669,普通弹幕,中,白,1601367749,0,270853e8,38915577952600067,干杯
68.554,普通弹幕,中,白,1601365876,0,e7509711,38914596085956613,众所周知，学园都市是最安全的地方
1412.755,普通弹幕,中,白,1601362969,0,7f9a10c8,38913071974973447,啊？！！~~
13.839,普通弹幕,中,白,1601356566,0,50fc7f65,38909714645909509,清清
61.98,普通弹幕,中,白,1601354751,0,78ced53d,38908763426521093,PPT
508.753,普通弹幕,中,白,1601354339,0,c20d5aee,38908547070164995,分辨率突然变了。。。
11.772,普通弹幕,中,白,1601352132,0,1d4337c7,38907390004822019,666
726.228,普通弹幕,中,白,1601349955,0,228c43f8,38906249050324995,贝蒂？
1076.259,普通弹幕,中,白,1601342290,0,d4094deb,38902230291578887,好萌啊
244.668,普通弹幕,中,白,1601336130,0,312fb343,38899000583127045,哔哩哔哩
474.535,底部弹幕,中,白,1601316658,0,b603f832,38888791381901319,哇哦
157.503,普通弹幕,中,白,1601315360,0,710f479c,38888111325839363,哔哩哔哩干杯～
1194.448,普通弹幕,中,红,1601312097,0,6f8d006e,38886400576716803,动作指导:佩恩
543.252,普通弹幕,中,红,1601309760,0,9d2bddd8,38885175028350983,泪爷
337.556,普通弹幕,中,红,1601309579,0,9d2bddd8,38885080250712067,lsp
616.14,普通弹幕,中,白,1601304235,0,88ec2582,38882278254837765,向风暴指挥官敬礼
463.359,普通弹幕,中,白,1601304181,0,730a502b,38882249978413061,下次丕定
1320.924,底部弹幕,中,红,1601303865,0,f0fc663f,38882084134584325,美术指导：蜡笔小新
1308.164,底部弹幕,中,红,1601303833,0,f0fc663f,38882067540344835,下次一定
1293.384,底部弹幕,中,红,1601303813,0,f0fc663f,38882057430499335,叶问转世
1283.824,底部弹幕,中,红,1601303795,0,f0fc663f,38882047553961989,下次一定
1258.064,底部弹幕,中,红,1601303763,0,f0fc663f,38882030736900103,一路走好
1248.484,底部弹幕,中,红,1601303734,0,f0fc663f,38882015476973575,危 劫匪 危
1179.824,底部弹幕,中,红,1601303642,0,f0fc663f,38881967448522759,法师（doge）
1139.664,底部弹幕,中,红,1601303588,0,f0fc663f,38881938965528581,叶问黑子
1115.364,底部弹幕,中,红,1601303541,0,f0fc663f,38881914648526851,哦——————豁
1051.084,底部弹幕,中,红,1601303448,0,f0fc663f,38881865849372679,感觉要危
1014.944,底部弹幕,中,红,1601303405,0,f0fc663f,38881843230015493,六亲不认的步伐
940.473,底部弹幕,中,绿,1601303285,0,f0fc663f,38881780432896003,呱呱呱呱呱呱！
819.273,底部弹幕,中,红,1601303136,0,f0fc663f,38881702179241987,声优       awsl
765.825,底部弹幕,中,黄,1601303030,0,f0fc663f,38881646812856387,前方高能
788.464,底部弹幕,中,红,1601303013,0,f0fc663f,38881637680283655,蜡笔小新突然出场
1282.968,普通弹幕,中,白,1601302986,0,14fe2438,38881623614160899,一方：什么之巅？
744.503,底部弹幕,中,红,1601302950,0,f0fc663f,38881604764958725,前方高能，注意这不是演习
931.26,普通弹幕,中,白,1601302592,0,14fe2438,38881416757903365,老傲娇了
840.619,普通弹幕,中,白,1601302495,0,14fe2438,38881365981134853,不不不，泪爷您谦虚了
826.26,普通弹幕,中,白,1601302451,0,14fe2438,38881342882578435,所以在这里L5=明星？
805.719,普通弹幕,中,白,1601302413,0,14fe2438,38881322939711491,震撼泪爷and初春一百年
65.366,普通弹幕,中,白,1601301698,0,14fe2438,38880948387840005,安  心
63.035,普通弹幕,中,白,1601301686,0,14fe2438,38880942029799431,万    全
18.116,普通弹幕,中,白,1601301636,0,14fe2438,38880915824312325,濒危物种出现
517.764,普通弹幕,中,白,1601301210,0,7450b3b8,38880692508033029,啊——————
347.773,普通弹幕,中,黄,1601300956,0,b9b31e69,38880559310569477,夏洛特既视感
72.297,普通弹幕,中,白,1601298265,0,290f873f,38879148172640261,实力翻车
61.229,普通弹幕,中,白,1601297129,0,c6587cac,38878552777555971,土木工程
1321.903,普通弹幕,中,白,1601296132,0,1f9b9e43,38878029949698053,孩子咋办
1434.117,普通弹幕,中,红,1601292670,0,1c23dec0,38876214798581765,正道の光は、大地を照らし、暗いところをすべて照らす。
1415.085,普通弹幕,中,红,1601292637,0,1c23dec0,38876197440454663,梦结束的地方
1291.538,普通弹幕,中,白,1601292008,0,69b392b5,38875867858337795,阻击兽就位没有
859.116,普通弹幕,中,白,1601291045,0,eb7a7d7b,38875363131523079,美伢
150.326,普通弹幕,中,白,1601290964,0,1c23dec0,38875320449761283,哔哩哔哩（゜-゜)つロ 站歌！
933.093,普通弹幕,中,白,1601290000,0,5ae555b3,38874815233261571,胧车和大舅呢
1392.404,普通弹幕,中,白,1601289975,0,cf78d533,38874802167480325,万雌王
366.573,普通弹幕,中,白,1601289419,0,5ae555b3,38874510639235079,78米
359.573,普通弹幕,中,白,1601289405,0,5ae555b3,38874503149780999,这么严格的吗
304.333,普通弹幕,中,白,1601289338,0,5ae555b3,38874468049747975,还好哈哈哈
467.219,普通弹幕,中,白,1601289329,0,65903f42,38874463388827653,nianni
172.593,普通弹幕,中,白,1601289045,0,5ae555b3,38874314523541507,终于找到这首歌了
78.153,普通弹幕,中,白,1601288943,0,5ae555b3,38874260870529029,安心安心了
18.713,普通弹幕,中,白,1601288872,0,5ae555b3,38874223790784515,哇哦
167.657,普通弹幕,中,白,1601283709,0,66f68179,38871517062234117,哔哩哔哩
2.66,普通弹幕,中,白,1601280069,0,e7090366,38869608500822023,刚从第三季回来，梦开始的地方
204.984,普通弹幕,中,白,1601279736,0,d5ec69f0,38869434096418823,哔哩哔哩 - ( ゜- ゜)つロ 干杯~
178.56,普通弹幕,中,白,1601279708,0,d5ec69f0,38869419069800455,疯了
231.547,普通弹幕,中,白,1601272314,0,2fbb416e,38865542408830981,哔哩哔哩-(゜-゜)つロ乾杯~
152.279,普通弹幕,中,白,1601267526,0,6f37ffe4,38863032372690947,bgm  hop
227.591,普通弹幕,中,白,1601266762,0,8a561a6f,38862631860174855,为什么op？？？
196.183,普通弹幕,中,白,1601266743,0,8a561a6f,38862621747183619,老规矩只看一次op
1394.466,普通弹幕,中,白,1601266433,0,f315dbe6,38862459498397703,这两人好有CP感
1261.414,普通弹幕,中,白,1601266233,0,ef8c48d2,38862354362400771,一路走好
236.215,普通弹幕,中,白,1601263158,0,31e9dbff,38860742262784003,哔哩哔哩哔哔
1085.193,普通弹幕,中,白,1601261902,0,f9b07267,38860083557302275,裙子里什么都有呢
1251.732,普通弹幕,中,白,1601261581,0,fd2ea8b6,38859915463753733,下辈子注意点就行了
460.945,普通弹幕,中,白,1601261298,0,f9b07267,38859766818144259,暗示投币的起源吗，看到了
1252.733,普通弹幕,中,红,1601258781,0,955c30d0,38858447637708803,好兄弟把危字打在公屏上
469.732,普通弹幕,中,白,1601254257,0,de79da4,38856075560615939,名场面
332.222,普通弹幕,中,白,1601254120,0,de79da4,38856003452141573,梦开始的地方啊
452.42,普通弹幕,中,白,1601225857,0,8b55eafc,38841185972781061,这怎么解决后坐啊啊啊
480.164,普通弹幕,中,白,1601219340,0,8ba84c2f,38837768827699203,近视眼表示摘眼镜后更清楚一些
646.3,底部弹幕,中,白,1601219290,0,d76c4c06,38837742715011079,233333
19.17,普通弹幕,中,白,1601219219,0,f6e7adf8,38837705419784199,哈哈哈
1406.865,普通弹幕,中,白,1601218218,0,8c823897,38837180689809415,正道の光が大地に照り映える
500.15,普通弹幕,中,白,1601217903,0,b8953dad,38837015347200005,500le
257.464,普通弹幕,中,白,1601217651,0,b8953dad,38836883483000837,spasmodic
1191.049,普通弹幕,中,白,1601217528,0,ecc23445,38836818707218435,好帅哇爱了爱了
78.844,普通弹幕,中,白,1601217465,0,b8953dad,38836785877352455,先试个500秒不退出吧。
693.892,普通弹幕,中,白,1601217282,0,d140cbbb,38836690078400519,七个人里只有三个可以正常打招呼的。。。
569.682,普通弹幕,中,白,1601216947,0,8c823897,38836514228535299,布鲁克直呼内行
410.362,底部弹幕,中,黄,1601215868,0,eaad9024,38835948531744773,炮姐没有任何派阀的
378.789,底部弹幕,中,黄,1601215832,0,eaad9024,38835929875480579,结标表示很淦
15.139,普通弹幕,中,白,1601213995,0,7767e473,38834966756851719,梦开始的地方！
549.276,普通弹幕,中,白,1601213079,0,80d9202b,38834486621241349,出现了梦泪
510.094,普通弹幕,中,白,1601213040,0,80d9202b,38834466084880391,突然瞬移
115.94,普通弹幕,中,白,1601212747,0,80d9202b,38834312323268613,突然想到黑子出兴趣
106.685,普通弹幕,中,白,1601212738,0,80d9202b,38834307470983175,哈哈哈黑子
123.479,普通弹幕,中,白,1601212480,0,891790e4,38834172498280455,同一个声优啊
52.699,普通弹幕,中,白,1601212392,0,891790e4,38834126289108999,看超炮不看魔禁也可，毕竟魔禁番剧做的一般
435.754,普通弹幕,中,白,1601212293,0,a2258e1f,38834074523533319,魔王zio
82.45,普通弹幕,中,白,1601211640,0,5e0d9aa3,38833731709435909,安全的
1068.23,普通弹幕,中,白,1601211282,0,dc6bcc9c,38833544264417287,姐控hhhhhhhhh
209.26,普通弹幕,中,白,1601207398,0,2fbe87c2,38831507950272515,哔哩哔哩( ゜- ゜)つロ乾杯
4.96,普通弹幕,中,白,1601207193,0,a79fecb8,38831400389967877,温习一遍
1407.758,普通弹幕,中,白,1601206941,0,1373f071,38831268207001607,上一个无敌的已经全是骨头了
444.04,普通弹幕,中,白,1601206593,0,3184e664,38831086055718917,牛顿：这不科学！
777.383,普通弹幕,中,黄,1601206499,0,2af6f364,38831036593864711,电脑配件
457.448,普通弹幕,中,黄,1601206168,0,2af6f364,38830863157297159,投币
367.217,普通弹幕,中,白,1601206081,0,c886809f,38830817169899525,当麻呢
154.557,普通弹幕,中,白,1601205580,0,2af6f364,38830554847641607,。。
41.926,普通弹幕,中,白,1601205441,0,e3b8b2d8,38830482063360003,梦开始的地方
679.712,普通弹幕,中,白,1601203995,0,ac32fedc,38829723988525059,画质感人，09的也这么好
563.113,普通弹幕,中,白,1601203772,0,ac32fedc,38829607020920835,awsl
1358.349,普通弹幕,中,红,1601202996,0,85b48d0d,38829199857811459,嘴遁
1294.251,普通弹幕,中,白,1601202912,0,85b48d0d,38829156184096775,下次一定
722.237,普通弹幕,中,白,1601200465,0,829bb99c,38827873156464643,当麻呢？
180.34,普通弹幕,中,白,1601200184,0,b752fec9,38827725582499843,阿巴阿巴
212.798,普通弹幕,中,红,1601199554,0,ac88d0ce,38827395233349635,哔哩哔哩(゜-゜)つロ乾杯~
1391.204,普通弹幕,中,白,1601199476,0,d70597b,38827354656079879,迪奥：有被冒犯到
86.039,普通弹幕,中,白,1601197515,0,6f6e4698,38826326158213125,。。。
81.84,普通弹幕,中,白,1601197510,0,6f6e4698,38826323845054471,。。。
1187.814,普通弹幕,中,白,1601195092,0,a1292cb9,38825056131874819,波风水门知乎内行
679.359,普通弹幕,中,白,1601193464,0,9e980e5d,38824202358226947,这是亚梦的声优吗
159.645,普通弹幕,中,白,1601192364,0,f076d39,38823625885745157,哔哩哔哩干杯
211.263,普通弹幕,中,白,1601191339,0,d28d2f42,38823088126689287,哔哩哔哩 (゜-゜)つロ 干杯~
806.04,普通弹幕,中,白,1601186218,0,e1220cc6,38820403721273347,◥◣◥◣◥◣WARNING◥◣◥◣◥◣
6.626,普通弹幕,中,白,1601182245,0,45c2ae36,38818320581394437,完结了
293.625,普通弹幕,中,白,1601181144,0,ef337224,38817743186690051,说得好
199.159,普通弹幕,中,白,1601179506,0,3472967e,38816884561805315,哔哩哔哩( ゜- ゜)つロ乾杯～
211.099,普通弹幕,中,红,1601179010,0,b3a27d40,38816624292134917,哔哩哔哩（゜-゜）つロ乾杯 
217.648,底部弹幕,中,红,1601176440,0,337d871b,38815276898713607,哔哩哔哩 (゜-゜)つロ 干杯~
9.139,普通弹幕,中,白,1601173917,0,66f9a3b7,38813954374369287,回头重看
1306.806,普通弹幕,中,白,1601168207,0,3d77346f,38810960716103685,马路啊啊啊
504.442,普通弹幕,中,黄,1601167777,0,96710a53,38810735163736071,曾经有幸看过完整的画面
138.322,底部弹幕,中,粉,1601165301,0,cca12661,38809436684812291,欧内撒嘛
177.811,普通弹幕,中,白,1601157056,0,287a6077,38805114408927239,这个最好听
273.747,普通弹幕,中,白,1601138747,0,d3514210,38795514832486407,普通学生御坂美琴
184.734,普通弹幕,中,白,1601138271,0,15977b29,38795265200619525,哔哩哔哩( ゜- ゜)つロ乾杯
735.346,普通弹幕,中,白,1601136702,0,b348601d,38794442880057351,同感
84.803,普通弹幕,中,白,1601134861,0,761da7b,38793477673189381,大乔要当小混混了
1042.549,普通弹幕,中,白,1601133429,0,2b9e53f6,38792727042719747,姓氏不同为社么会是姐妹
226.759,普通弹幕,中,白,1601132100,0,faee6bbf,38792029862363143,哔哩哔哩
176.14,普通弹幕,中,白,1601131598,0,7a7015c1,38791767083450375,哔哩哔哩
569.247,普通弹幕,中,黄,1601131499,0,f0fc663f,38791714930950147,lsp
522.347,普通弹幕,中,红,1601131447,0,f0fc663f,38791687782268933,摄影师和梁非凡一起睡
449.808,普通弹幕,中,红,1601131341,0,f0fc663f,38791631850176517,明示投币
272.588,普通弹幕,中,红,1601131140,0,f0fc663f,38791526982615043,危 贩卖机 危
245.787,普通弹幕,中,红,1601131101,0,f0fc663f,38791506341396483,中文瞩目
164.868,普通弹幕,中,红,1601131009,0,f0fc663f,38791457956954119,哔哩哔哩 - ( ゜- ゜)つロ 乾杯~
154.739,普通弹幕,中,白,1601130972,0,b4ab4420,38791438726070275,哔哩哔哩-( ゜-゜)つロ乾杯~
143.828,普通弹幕,中,红,1601130966,0,f0fc663f,38791435449794567,前方站歌
53.907,普通弹幕,中,红,1601130863,0,f0fc663f,38791381684060165,mc!!!!!!!
18.94,普通弹幕,中,白,1601130310,0,ff0d87c9,38791091801030663,哔哩哔哩
5.728,普通弹幕,中,白,1601130297,0,ff0d87c9,38791084900876295,参见始祖
335.833,普通弹幕,中,白,1601129135,0,1373f071,38790475620024325,常磐…
1358.146,普通弹幕,中,白,1601127941,0,7acee3f2,38789849706659843,正道的光
456.208,底部弹幕,中,黄,1601127718,0,ac6846c4,38789732386734083,这就是投币的起源
550.136,普通弹幕,中,白,1601126348,0,3b16c2e5,38789014373793799,泪爷好美啊
1480.142,普通弹幕,中,白,1601125563,0,fd3031f6,38788603023196163,在日本，过肩背包是男生方式吧？
1377.221,普通弹幕,中,白,1601125225,0,1894676f,38788425391276035,上一个无敌的已经变成冰箱了
25.18,普通弹幕,中,白,1601124685,0,30e240b9,38788142516404231,学园都市高危职业——小混混
9.627,普通弹幕,中,白,1601123998,0,fd3031f6,38787782138658819,梦想之地
153.378,普通弹幕,中,白,1601122505,0,90f6d8d3,38786999519281155,哔哩哔哩
1408.769,普通弹幕,中,白,1601121587,0,402a5d06,38786518471409669,毛线…柯南在还安全？～所到之处必死人～
1490.461,底部弹幕,中,橙,1601120647,0,4a2cde4f,38786025262678021,正道の光が大地を照らした。
172.42,普通弹幕,中,白,1601120020,0,62303a01,38785696459653127,原来是这里
8.672,普通弹幕,中,白,1601118742,0,e202b965,38785026637692935,超炮T完结回来复习
1415.785,普通弹幕,中,白,1601117596,0,8ea35adc,38784425788964869,哈哈哈哈哈
1245.219,普通弹幕,中,白,1601117215,0,a8aca62a,38784226042576901,劫匪危
26.238,普通弹幕,中,蓝,1601116043,0,4f0e0924,38783611507310595,哔哩哔哩（゜-゜)つロ 乾杯～～
200.478,普通弹幕,中,白,1601115987,0,68b39342,38783582314430471,哔哩哔哩
1196.514,底部弹幕,中,紫,1601115860,0,cd6a8bd6,38783515886616583,道具师：长门
156.104,普通弹幕,中,白,1601114700,0,f9ef7f4b,38782907479228421,哔哩哔哩 - ( ゜- ゜)つロ 乾杯~
659.886,底部弹幕,中,红,1601114498,0,2805b65b,38782801448796167,表情指导 最终之作
641.006,普通弹幕,中,白,1601114437,0,2805b65b,38782769564221447,土御门
57.578,普通弹幕,中,白,1601114052,0,2fa1b168,38782567827636227,动物医学！
1205.6,普通弹幕,中,白,1601113735,0,e75ac55f,38782401423867907,友利奈绪翻版啊
192.353,普通弹幕,中,红,1601113078,0,456f0fca,38782056936767493,（0一0）つ口乾杯
164.119,普通弹幕,中,白,1601113016,0,845293a5,38782024649539589,哔哩哔哩(゜-゜)つロ 干杯~~
155.65,普通弹幕,中,白,1601112537,0,7c9eca68,38781773510868999,哔哩哔哩(゜-゜)つロ 干杯~~
1373.683,普通弹幕,中,红,1601112398,0,41c5c642,38781700355391495,种豆得瓜
1055.981,普通弹幕,中,红,1601111972,0,41c5c642,38781477320654851,录音棚里欢乐多
193.14,普通弹幕,中,白,1601111850,0,e14507ed,38781413376917509,666
177.326,普通弹幕,中,白,1601111587,0,484897a,38781275197145093,（0一0）つ口乾杯
177.423,普通弹幕,中,白,1601111508,0,462a6106,38781234054692871,啊这
169.64,普通弹幕,中,白,1601110882,0,c37649a0,38780905958408195,哔哩哔哩( ゜- ゜)つロ乾杯
18.109,普通弹幕,中,白,1601110380,0,48653b59,38780642759016453,快跑
531.386,普通弹幕,中,白,1601109725,0,6d5b86c3,38780299203575815,黑琴赛高
153.392,普通弹幕,中,白,1601109371,0,d9bfaeab,38780113335615493,神曲点亮
9.459,普通弹幕,中,白,1601109088,0,6d5b86c3,38779965086892035,呱呱太
1002.471,普通弹幕,中,白,1601108773,0,24ea8027,38779799997513733,orz
179.501,普通弹幕,中,白,1601107844,0,5c2394a1,38779312692789255,哔哩哔哩( ゜- ゜)つロ乾杯
95.76,普通弹幕,中,白,1601105281,0,4c08b0d6,38777969313316869,好可爱啊
92.22,普通弹幕,中,白,1601105268,0,4c08b0d6,38777962508582915,666
165.179,普通弹幕,中,白,1601104324,0,7601f5c6,38777467345305605,哔哩哔哩乾杯！
169.086,底部弹幕,中,粉,1601104092,0,9a172af6,38777345761345541,哔哩哔哩 - ( ゜- ゜)つロ 乾杯~
1187.81,普通弹幕,中,白,1601103526,0,e8a78308,38777049270714373,魔法师之红？！
1397.991,普通弹幕,中,白,1601103233,0,31a84cfe,38776895433605125,上一个无敌的已经在太空停止思考了
404.762,普通弹幕,中,白,1601103220,0,779dc2d9,38776888549703683,敲喜欢光子
201.101,普通弹幕,中,白,1601102589,0,e8a78308,38776557780598789,哔哩哔哩(゜-゜)つロ乾杯~
442.164,普通弹幕,中,红,1601101546,0,7e0d07f2,38776010890018823,吾が名はめぐみ。。。不好意思走错了
105.065,普通弹幕,中,白,1601100994,0,24aadd72,38775721602580487,风纪委员
10.728,普通弹幕,中,白,1601100811,0,24aadd72,38775625485910021,开始
387.444,普通弹幕,中,白,1601100748,0,542b6a3f,38775592808611847,最爱光子
74.9,普通弹幕,中,白,1601100332,0,699bc816,38775374559576067,光速打脸
166.037,普通弹幕,中,白,1601099981,0,c0c4466f,38775190359900163,哔哩哔哩(゜-゜)つロ 干杯~
161.685,普通弹幕,中,白,1601099974,0,c0c4466f,38775186626445317,哔哩哔哩(゜-゜)つロ 干杯~
234.897,普通弹幕,中,白,1601098370,0,c8a28ae3,38774345763913731,哔哩哔哩-(゜-゜)つロ乾杯~
934.649,普通弹幕,中,白,1601098151,0,6563aaa3,38774231219044357,孤寡孤寡孤寡孤寡孤寡~
488.236,普通弹幕,中,白,1601097612,0,f78df315,38773948421767175,哪个混蛋发明的磨砂玻璃
345.556,普通弹幕,中,白,1601097456,0,f78df315,38773866474504199,这是女子学院吗？
767.529,普通弹幕,中,白,1601097211,0,87163359,38773737996156931,百合无限好hhhhhh
177.54,普通弹幕,中,白,1601096406,0,75dbd209,38773316149837827,哔哩哔哩乾杯
492.64,普通弹幕,中,白,1601096299,0,33fe6c65,38773259885871111,lsp
195.606,普通弹幕,中,白,1601095223,0,40a3b74c,38772695752507395,干杯~
203.955,底部弹幕,中,红,1601094594,0,65383a59,38772365858439173,哔哩哔哩( ゜- ゜)つロ乾杯!
203.955,底部弹幕,中,红,1601094588,0,65383a59,38772362846928899,哔哩哔哩( ゜- ゜)つロ乾杯~
203.955,底部弹幕,中,红,1601094580,0,65383a59,38772358855000071,哔哩哔哩( ゜- ゜)つロ乾杯·
175.28,底部弹幕,中,红,1601094541,0,65383a59,38772338551947269,哔哩哔哩( ゜- ゜)つロ乾杯。
244.39,普通弹幕,中,红,1601094064,0,c2b3919b,38772087990517767,真的像贝蒂
171.22,普通弹幕,中,白,1601092561,0,6f3f3927,38771300221583367,哔哩哔哩（゜-゜)つロ 乾杯～～
86.07,普通弹幕,中,白,1601091887,0,df58f472,38770946619211781,好安全
225.406,普通弹幕,中,白,1601090660,0,e57d4a2c,38770303522832391,哔哩哔哩
341.011,普通弹幕,中,白,1601088841,0,c02f630,38769349944672259,感谢好心的俄罗斯人配乐
1125.906,普通弹幕,中,白,1601087912,0,19adbda2,38768862779408391,劫匪－危
953.959,普通弹幕,中,白,1601087722,0,19adbda2,38768763264827397,鹅鹅鹅鹅鹅
171.73,普通弹幕,中,白,1601086924,0,19adbda2,38768345001492483,哦耶
773.753,普通弹幕,中,灰绿,1601086773,0,e4f73154,38768265567141895,哈哈
353.187,普通弹幕,中,白,1601086502,0,3fa15229,38768123545911299,腿好就行，安全裤什么的无所谓
186.559,普通弹幕,中,白,1601081770,0,a5fda6b5,38765642499227715,哔哩哔哩( ゜- ゜)つロ乾杯
1395.7,普通弹幕,中,白,1601081576,0,2549aedd,38765541015945223,男主 美琴
167.432,普通弹幕,中,白,1601080080,0,d629f1dc,38764756582531077,哔哩哔哩，乾杯！
1247.721,普通弹幕,中,白,1601079925,0,5f8776c7,38764675271229445,赶紧跑吧劫匪
196.632,普通弹幕,中,白,1601079822,0,4382fe8b,38764621329334277,哔哩哔哩（゜-゜)つロ 乾杯～～
1275.495,普通弹幕,中,白,1601077461,0,adf8a07,38763383530455047,何必想不开还转回来
917.755,普通弹幕,中,白,1601077360,0,f37e11bb,38763330473558023,呱太
213.886,普通弹幕,中,白,1601069163,0,e7ec3243,38759032939872261,哔哩哔哩( ゜- ゜)つロ乾杯
202.537,普通弹幕,中,白,1601069147,0,e7ec3243,38759024679190535,哔哩哔哩⊂((・⊥・))⊃干杯
180.905,普通弹幕,中,白,1601061367,0,d766d878,38754945784610823,还是这个经典
93.361,普通弹幕,中,白,1601061280,0,d766d878,38754899891060743,黑子！
10.259,普通弹幕,中,白,1601059474,0,954715ca,38753953246085127,温故而知新
1279.097,普通弹幕,中,白,1601059163,0,6bce104,38753790254907397,一方通行：谁？学园都市之巅？上条当麻；不清楚
637.127,普通弹幕,中,白,1601054898,0,9fe5a852,38751554203287559,hop
431.269,普通弹幕,中,白,1601054519,0,9fe5a852,38751355374927875,暗示投币
430.759,普通弹幕,中,白,1601054514,0,9fe5a852,38751352921784327,明示投币
176.957,普通弹幕,中,白,1601054167,0,9fe5a852,38751170512027655,哔哩哔哩 - (゜- ゜)つロ 乾杯~ 
170.215,普通弹幕,中,白,1601054157,0,9fe5a852,38751165487775751,哔哩哔哩 - (゜- ゜)つロ 乾杯~
136.231,普通弹幕,中,白,1601054107,0,9fe5a852,38751139490430981,泪目
4.123,普通弹幕,中,白,1601053596,0,85e94f85,38750871280418823,超炮三完结撒花，回来重头看
648.922,普通弹幕,中,白,1601053058,0,cf41824,38750589056188423,大女主哈，无男主
9.778,普通弹幕,中,红,1601052610,0,f062559b,38750354671140869,从炮T完结回来
862.185,底部弹幕,中,白,1601050652,0,f2c6136f,38749327937503235,准备前往弹药库
800.422,普通弹幕,中,白,1601050564,0,12291626,38749281915502597,后方大老师
535.276,底部弹幕,小,红,1601050155,0,f2c6136f,38749067395203075,上升气流
167.937,普通弹幕,中,白,1601047928,0,395b6a51,38747899562557445,温故而知新
160.281,普通弹幕,中,白,1601047174,0,d24b4ded,38747504269328391,原来这歌是这里
3.079,普通弹幕,中,红,1601046575,0,4523ac44,38747190431055879,茵蒂克丝的洗澡歌
1080.753,底部弹幕,中,绿,1601042679,0,d888843e,38745147505115141,黑子是把饼直接传送到肚子里了吗
10.487,普通弹幕,中,白,1601042142,0,d001f35f,38744866029568005,画质飞升
1084.558,普通弹幕,中,红,1601041895,0,9f1d7f5f,38744736633716739,劫匪 危
1241.149,普通弹幕,中,白,1601041193,0,2193ffaa,38744368367534083,哦豁
632.231,底部弹幕,中,黄,1601038681,0,f46edc92,38743051645485061,人人都是lsp
510.205,底部弹幕,中,黄,1601037846,0,f46edc92,38742613922676739,真实哈哈哈人人都是lsp哈哈哈
386.58,普通弹幕,中,白,1601037380,0,a19a968,38742369595555843,琴吹紬？
171.705,普通弹幕,中,白,1601036827,0,af56cb36,38742079509626887,用心做超炮，用手做魔禁，用jio做科方
190.441,底部弹幕,中,黄,1601036618,0,4f77b6a2,38741970182471687,教主好！
189.929,普通弹幕,中,白,1601036609,0,4f77b6a2,38741965485375491,教主好！！
1072.105,普通弹幕,中,白,1601036208,0,d3dfd0f3,38741755113766917,太平洋那个 不如今晚赌场
232.294,普通弹幕,中,白,1601035795,0,5dfb8ca4,38741538305474563,哔哩哔哩
1354.24,普通弹幕,中,白,1601031083,0,2aa9e368,38739068266217479,，疯狂暗示投币
1303.323,普通弹幕,中,白,1601030675,0,1d387e49,38738854043189253,默默的投个币···
1236.083,普通弹幕,中,白,1601030596,0,1d387e49,38738812618670147,孩砸，走好~
190.731,普通弹幕,中,白,1601030492,0,5b539087,38738758374260743,教主好！
1111.211,普通弹幕,中,白,1601030464,0,1d387e49,38738743303077895,劫匪 危
914.924,普通弹幕,中,白,1601030279,0,1d387e49,38738646429335555,呱太，美琴喜欢这个
69.82,普通弹幕,中,白,1601029112,0,c4b03e65,38738034484576261,magic！
2.596,普通弹幕,中,白,1601027267,0,572d4fc,38737067527634949,萌开始的地方
321.997,普通弹幕,中,白,1601026793,0,cfd4b3d2,38736818786009095,好称职的检查员~
234.609,普通弹幕,中,白,1601026680,0,cfd4b3d2,38736759418257415,哔哩哔哩(゜-゜)つロ 干杯~
157.959,普通弹幕,中,白,1601022624,0,b48972ba,38734632957509635,BilBil
1423.396,普通弹幕,中,白,1601022609,0,adbbbfe5,38734625046003717,上一个无敌的没头发？
146.439,普通弹幕,中,白,1601022571,0,b48972ba,38734605586530307,狙击手
1248.332,普通弹幕,中,白,1601022434,0,adbbbfe5,38734533261524995,快跑快跑
41.039,普通弹幕,中,白,1601021926,0,2d8b6354,38734267239366663,惹谁不好非要惹这个婆娘哟
1354.966,普通弹幕,中,白,1601019882,0,73d1e8a1,38733195287986181,贝蒂？
176.78,普通弹幕,中,白,1601017936,0,deba4a5d,38732175070724099,哔哩哔哩干杯～
954.224,普通弹幕,中,红,1601017216,0,889c7f46,38731797519400963,夏娜！是夏娜！还有吉田
1270.113,普通弹幕,中,黄,1601013709,0,d816a7cc,38729959212580869,投币
460.833,普通弹幕,中,黄,1601012582,0,d816a7cc,38729368143396869,有些人可能搞错了，没有暗示，这就是起源。
1291.56,普通弹幕,中,白,1601011021,0,eaffb4f3,38728549965234179,大爷：？
1307.757,普通弹幕,中,红,1601009697,0,d9b13852,38727855601876999,投币暗示！！
1075.212,底部弹幕,中,红,1601008902,0,b27b87df,38727438898298883,神父开始了！！！
573.606,普通弹幕,中,白,1601007983,0,aeee9fd,38726957056131079,米袋米袋
411.43,普通弹幕,中,蓝,1601007829,0,d9b13852,38726876159541253,一枚硬币罢了，莫方
939.909,普通弹幕,中,白,1601006417,0,b04063cb,38726136106582019,哈哈哈好可爱
506.564,普通弹幕,中,白,1601004147,0,4265abd5,38724946048319491,英文版的这里有全景
455.188,底部弹幕,中,白,1601002930,0,224cc7eb,38724307789545477,下次丕定
575.237,底部弹幕,中,黄,1601000604,0,3e1e5339,38723088397369347,多谢款待
11.17,普通弹幕,中,白,1600999095,0,4eef6a7f,38722297120948229,再来一次
1115.415,普通弹幕,中,白,1600995450,0,ef37c012,38720386349137991,上条当麻呢
1090.266,普通弹幕,中,白,1600990010,0,329c7219,38717533968138243,一般市民
932.282,普通弹幕,中,白,1600989846,0,329c7219,38717448206680071,惩罚游戏是下一季大概
345.226,普通弹幕,中,紫,1600989197,0,329c7219,38717107483967491,神父换人了
76.568,普通弹幕,中,白,1600988903,0,329c7219,38716953707675655,最安全的城市
467.032,普通弹幕,中,白,1600974914,0,1ea53eec,38709619131416583,2333
112.301,普通弹幕,中,白,1600974500,0,db73c2b8,38709402504527879,翠碧丝！
1500.508,普通弹幕,中,白,1600973913,0,46ab7e0d,38709094376275973,为了麻衣酱
1501.128,普通弹幕,中,白,1600971918,0,b9c8e213,38708048772988933,哈哈
17.259,底部弹幕,中,黄,1600971535,0,7a980be3,38707847853768707,大型连续剧
963.302,普通弹幕,中,白,1600970790,0,d2062fa4,38707457225654279,前方教长串场
143.084,普通弹幕,中,白,1600967847,0,ccfa73ff,38705914148552711,快跑哇
1342.072,底部弹幕,中,黄,1600967479,0,91ae4079,38705721483198467,哈哈哈哈哈好可爱的女孩子
1003.935,底部弹幕,中,黄,1600967019,0,91ae4079,38705479917502467,此时一只炮姐失去了梦想
462.962,底部弹幕,中,黄,1600966284,0,91ae4079,38705094622969863,下次也丕定
1302.159,普通弹幕,中,白,1600965876,0,9bf9ff4a,38704880707174405,不应该是直接射穿汽车吗
443.929,普通弹幕,中,白,1600964926,0,9bf9ff4a,38704382810259461,接近三马赫啊
1095.173,普通弹幕,中,白,1600964077,0,6ce1f541,38703937807187975,这宠溺的眼神
69.16,普通弹幕,中,白,1600961879,0,eaffb4f3,38702785100251139,真安全
642.283,普通弹幕,中,白,1600959532,0,34bd497,38701554717425671,防下塔
1237.097,普通弹幕,中,红,1600958599,0,2aa9e368,38701065388949511,危危危
788.905,普通弹幕,中,白,1600958426,0,2aa9e368,38700974815051781,大橘己定
325.739,普通弹幕,中,红,1600958063,0,2aa9e368,38700784310812679,安全裤
134.79,普通弹幕,中,红,1600957991,0,2aa9e368,38700746672177159,前方高能前方高能预警
1291.242,普通弹幕,中,白,1600957981,0,f176cfe3,38700741712936967,七名了
22.321,普通弹幕,中,黄,1600957884,0,2aa9e368,38700690865389571,危  小混混 危
400.549,普通弹幕,中,白,1600957713,0,9bd50fcc,38700601183305735,好像碧翠子的声音
207.273,普通弹幕,中,白,1600957006,0,b16135dc,38700230354403333,哈哈哈
1378.779,普通弹幕,中,白,1600956094,0,46485456,38699752156561477,jo级生物表示别无敌了，会停止思考的
769.478,普通弹幕,中,白,1600954876,0,9ecda642,38699113932390407,买电脑配件吗
466.49,普通弹幕,中,白,1600954531,0,44dc5d34,38698932926676995,，，。。
461.096,普通弹幕,中,白,1600954526,0,44dc5d34,38698930047811587,暗示投币+充电
156.009,普通弹幕,中,红,1600946400,0,8a894f0c,38694669757448197,哔哩哔哩(゜-゜)つロ 干杯~
53.715,普通弹幕,中,绿,1600942361,0,aba9a6cd,38692552411447299,马猴
179.541,普通弹幕,中,白,1600941552,0,c4858f4,38692128282902535,哔哩哔哩 乾杯~~~
971.146,普通弹幕,中,白,1600938951,0,ee50fa9c,38690764573114373,没男主？
613.43,底部弹幕,中,黄,1600938933,0,d03bec8e,38690754956099587,啊，这
608.054,底部弹幕,中,红,1600938922,0,d03bec8e,38690748889038851,啊，这
1331.295,普通弹幕,中,红,1600938661,0,6267b67,38690612107018243,上一个无敌的在带娃的路上越走越远
1236.61,普通弹幕,中,红,1600938546,0,6267b67,38690552060837893,下辈子注意点
1104.886,普通弹幕,中,红,1600938197,0,6267b67,38690368919699461,众所周知劫犯小混混都是高危职业
999.606,普通弹幕,中,红,1600938031,0,6267b67,38690281899950087,此时一位炮姐失去了梦想
675.866,普通弹幕,中,红,1600937676,0,6267b67,38690095930277893,从此泪爷走上了看剧本的路
531.406,普通弹幕,中,红,1600937497,0,6267b67,38690002141446149,上升气流准备
478.606,普通弹幕,中,红,1600937423,0,6267b67,38689963109253127,散发黑子美如画
70.82,普通弹幕,中,红,1600936978,0,6267b67,38689729945796615,很安心
45.519,普通弹幕,中,红,1600936948,0,6267b67,38689714036801543,世界最安全的地方
1252.332,普通弹幕,中,白,1600930895,0,2e25cdea,38686540700319747,showtime
490.901,普通弹幕,中,白,1600930687,0,312344f3,38686431888539651,白雾下面是什么
934.198,普通弹幕,中,白,1600927545,0,78f4fa39,38684784566730755,标准傲娇23333
941.558,普通弹幕,中,白,1600926043,0,dad5333,38683996723871747,灵魂呱太
162.694,普通弹幕,中,白,1600924533,0,a3cbc1a9,38683205077303303,看配
465.034,普通弹幕,中,白,1600923614,0,6a9393ac,38682723611574275,都没男主。
107.1,普通弹幕,中,白,1600912891,0,f1c01188,38677101510918147,黑子
575.364,普通弹幕,中,白,1600908357,0,f7d5c694,38674724212441095,马雷的声优吧
194.375,普通弹幕,中,棕,1600903509,0,f316945a,38672182683369479,哔哩哔哩 - (゜- ゜)つロ 乾杯~
1312.532,普通弹幕,中,蓝,1600898573,0,cc2209e8,38669594820870147,安全裤只呼专业
315.753,普通弹幕,中,蓝,1600897561,0,cc2209e8,38669064267628551,安全裤差评
1326.548,普通弹幕,中,白,1600877838,0,a1847a1,38658723625304067,这威力
776.018,普通弹幕,中,白,1600877421,0,ee6a4fa6,38658504716189701,折纸大师
1291.134,普通弹幕,中,白,1600875418,0,85a45821,38657454601928709,abang！
328.739,普通弹幕,中,白,1600875281,0,ada24abd,38657383151435779,身体检查。。。
1161.684,普通弹幕,中,白,1600875265,0,85a45821,38657374416273411, 熊孩子max
132.502,普通弹幕,中,白,1600874875,0,960f7bb8,38657169882087429,梦开始的地方
484.619,普通弹幕,中,白,1600872827,0,794574c3,38656096363085831,谢谢投了
10.7,普通弹幕,中,白,1600872379,0,794574c3,38655861589016583,来回看
842.172,底部弹幕,中,蓝,1600872345,0,b6d93b1d,38655843804119043,主线与迫害初春
171.281,普通弹幕,中,白,1600870503,0,fbf390cd,38654878024204291,哔哩哔哩
1248.339,普通弹幕,中,白,1600869805,0,5287737e,38654512054403075,危危危危危
820.193,底部弹幕,中,青,1600869527,0,b6d93b1d,38654366406672389,都市传说黑客
539.332,底部弹幕,小,蓝,1600867228,0,b6d93b1d,38653160781774855,泪子情商拉满 制作组亲女儿
535.913,底部弹幕,小,蓝,1600867053,0,b6d93b1d,38653069331791875,日常迫害初春
828.553,底部弹幕,中,蓝,1600866452,0,b6d93b1d,38652753947394051,泪子提到的
826.233,底部弹幕,中,蓝,1600866437,0,b6d93b1d,38652745923690503,都市传说都是真的
826.089,普通弹幕,中,白,1600866378,0,b6d93b1d,38652715296882695,泪子提到的都市传说都是真的
827.876,底部弹幕,中,蓝,1600866292,0,b6d93b1d,38652669968515079,且与主线相关
826.276,底部弹幕,中,蓝,1600866264,0,b6d93b1d,38652655298936839,注:泪子提到的都市传说都是真的
666.444,普通弹幕,中,棕,1600865935,0,b6d93b1d,38652482943451139,指魔禁琴
666.478,普通弹幕,中,棕,1600865904,0,b6d93b1d,38652466513838085,魔1琴确实有点暴躁
814.774,底部弹幕,中,棕,1600865366,0,b6d93b1d,38652184553848837,四巨头首次会首
66.36,普通弹幕,中,白,1600865163,0,b2afd9e6,38652078371897347,C++
539.318,底部弹幕,中,蓝,1600864880,0,b6d93b1d,38651930052919301,泪爷常服每集都不一样 
1248.969,普通弹幕,中,白,1600862880,0,27b3d601,38650881358954501,危 劫匪
1378.542,底部弹幕,中,红,1600862668,0,75eec2d4,38650769961910277,宫本:是在下已经无敌啦
672.409,底部弹幕,中,蓝,1600861254,0,b6d93b1d,38650028701515783,从这里开始泪子开启预言帝模式
1189.82,普通弹幕,中,白,1600860902,0,314c6210,38649844193558531,老哥给个视角
220.559,普通弹幕,中,粉,1600860863,0,f754303d,38649823782502405,能评论
1080.98,普通弹幕,中,白,1600860786,0,314c6210,38649783295934471,包装纸也吃了？
35.435,普通弹幕,中,绿,1600859435,0,d860a90b,38649075150618627,22
177.376,普通弹幕,中,淡蓝,1600857938,0,e0681725,38648290198159367,哔哩哔哩 - ( ゜- ゜)つロ 乾杯
1105.526,普通弹幕,中,白,1600857452,0,4e790753,38648035226943491,妄想一入深似海，风纪自此是职业
146.919,普通弹幕,中,白,1600857400,0,b6c1921e,38648008305278981,干杯
1380.896,普通弹幕,中,白,1600857204,0,30985644,38647905361854469,谁在称无敌，哪个敢言不败（doge）
950.12,普通弹幕,中,白,1600857124,0,4e790753,38647863334404103,孤寡孤寡
440.263,普通弹幕,中,白,1600856614,0,4e790753,38647596019351555,好大的汗滴
323.24,普通弹幕,中,白,1600856497,0,4e790753,38647534662451207,六亲不认的步伐
169.702,普通弹幕,中,白,1600856370,0,4e790753,38647467918491653,女高
158.253,普通弹幕,中,白,1600855627,0,6ab77e32,38647078707003399,邦邦人来到
275.1,底部弹幕,中,红,1600854190,0,1501cc3e,38646325043527685,危  售货机  危
71.86,底部弹幕,中,红,1600853950,0,1501cc3e,38646199334993925,安 全
1326.521,普通弹幕,中,白,1600850540,0,760f10f0,38644411426406407,万恶安全裤
729.406,普通弹幕,中,白,1600849773,0,8d7b8124,38644009565421573,贝蒂
309.049,普通弹幕,中,白,1600849472,0,760f10f0,38643851534532611,，，
51.756,普通弹幕,中,红,1600849263,0,a70373e3,38643741791617029,柴油老牌客车疯狂打脸
1308.836,普通弹幕,中,白,1600845945,0,5e28086d,38642002388582407,没男主么？
1189.481,普通弹幕,中,白,1600845757,0,d0751f4c,38641903950364677,波风水门直呼内行
830.248,普通弹幕,中,白,1600842988,0,9db3593,38640451843522565,好脖子……
878.432,普通弹幕,中,白,1600839006,0,356aabd6,38638364652994567,單軌電車版湘南新宿线。
526.321,普通弹幕,中,白,1600837108,0,cbe407b5,38637369123405831,这。。。。。。
1327.944,普通弹幕,中,白,1600834515,0,81f39a1e,38636009738469383,斯国一
1155.021,普通弹幕,中,白,1600828901,0,909ebda9,38633066315382787,泪爷开始读剧本了
1016.581,普通弹幕,中,白,1600828754,0,909ebda9,38632989281222661,从此泪爷觉醒了剧本掌握能力
1301.194,普通弹幕,中,红,1600828476,0,c0f3a6d6,38632843392319491,此时一位盲人走过：白的，绝对是白的
1273.743,普通弹幕,中,红,1600828417,0,c0f3a6d6,38632812877709319,危！
205.742,普通弹幕,中,白,1600828415,0,267bef74,38632811898339335,哔哩哔哩哔哩哔哩-(゜-゜)つロ乾杯~
1244.369,普通弹幕,中,红,1600828397,0,c0f3a6d6,38632802290237445,危！
1110.88,普通弹幕,中,红,1600828321,0,c0f3a6d6,38632762464796679,危！
954.873,普通弹幕,中,白,1600827948,0,bc18341,38632566728163335,夏娜
1359.771,普通弹幕,中,白,1600824889,0,e720fc27,38630963083214853,这是幻想御手？
218.246,普通弹幕,中,白,1600823847,0,b21cc90,38630416688611333,哔哩哔哩-(゜-゜)つロ乾杯~
846.206,普通弹幕,中,白,1600823430,0,e720fc27,38630197885403141,万雌王
564.72,底部弹幕,中,红,1600821633,0,d9900326,38629255880900615,爱了
165.118,底部弹幕,中,红,1600821233,0,d9900326,38629046328754179,哔哩哔哩 （゜-゜）つロ 干杯~-`
67.716,普通弹幕,中,白,1600821088,0,d9900326,38628970066870279,hhhc
123.5,普通弹幕,中,白,1600820125,0,805117c2,38628465548197895,真的是碧翠丝
1038.426,普通弹幕,中,红,1600818685,0,17f6a68b,38627710264147971,见证当下
1417.113,普通弹幕,中,白,1600817132,0,8f9b72f1,38626896049078277,哦豁 这个也是后宫番？
1173.5,底部弹幕,中,黄,1600809091,0,38cee057,38622680145985541,史提尔
942.441,底部弹幕,中,绿,1600808825,0,e7d8a53c,38622541112672263,有趣的灵魂水陆两栖
366.78,普通弹幕,中,红,1600808193,0,38cee057,38622209421344775,魔禁的神父简直了
237.276,普通弹幕,中,白,1600808033,0,e7d8a53c,38622125493321733,精准降落！
220.089,普通弹幕,中,白,1600803396,0,4f78d4f6,38619694635679747,写作黑子，读作变态╮(╯▽╰)╭
150.126,普通弹幕,中,白,1600796970,0,5339fc6a,38616325165154309,哔哩哔哩 - ( ゜- ゜)つロ 乾杯~
61.42,普通弹幕,中,白,1600795616,0,9db3593,38615615428100101,法律（风系魔法）
229.571,普通弹幕,中,白,1600794696,0,ff56afc3,38615133122461703,两倍，耳朵已经怀孕了
3.559,底部弹幕,中,红,1600792001,0,e7521e82,38613720053055495,他们看不到的（悲）
669.465,普通弹幕,中,白,1600790004,0,71f9ed4a,38612673463582727,炮姐能力：在BGM中无敌
633.665,普通弹幕,中,白,1600789937,0,71f9ed4a,38612637972430853,剧本啊！
119.222,普通弹幕,中,白,1600788978,0,a5dca16b,38612135375273987,贝蒂
1083.081,普通弹幕,中,白,1600786896,0,56a85477,38611043551281157,两个？
64.182,普通弹幕,中,白,1600786081,0,c51e9f95,38610616315281415,来学超能力
1199.92,普通弹幕,中,白,1600785384,0,1e7eca7,38610250961518599,千本
406.398,普通弹幕,中,白,1600785207,0,63fe9106,38610158130036743,前方大浪预警
61.467,普通弹幕,中,白,1600784803,0,63fe9106,38609946502234115,前方高能
937.842,底部弹幕,中,红,1600782450,0,2394c1f7,38608712653340677,有趣的灵魂水陆两栖
301.799,普通弹幕,中,白,1600781936,0,81d6ca2e,38608443524775939,裤衩子啊
407.78,普通弹幕,中,白,1600780962,0,7afc7e6f,38607932535341063,越看越像琴里
235.69,普通弹幕,中,白,1600780787,0,36a40ba0,38607841129922565,握紧手手的草
91.187,普通弹幕,中,白,1600777671,0,69a99a35,38606206958829575,大爱黑子
1245.453,普通弹幕,中,黄,1600776505,0,7b61f251,38605595748073475,R.I.P
161.222,普通弹幕,中,白,1600775013,0,7b61f251,38604813733199875,众所周知学园都市是世界上最安全的地方
1005.278,底部弹幕,中,橙,1600773356,0,ceb0f396,38603944942895107,泪爷的情商真的超级高
233.193,普通弹幕,中,红,1600773186,0,5017d225,38603855651405827,哔哩哔哩-(゜-゜)つロ乾杯
190.285,普通弹幕,中,白,1600772343,0,a0087885,38603414017409027,哔哩哔哩(゜-゜)つロ 乾杯~
1323.913,普通弹幕,中,白,1600771372,0,591e9bba,38602904525864967,疯狂暗示投币(狗头保命)
1374.233,普通弹幕,中,白,1600770880,0,21007155,38602646814195717,泪子美如画
1394.756,普通弹幕,中,白,1600770036,0,45ecc904,38602204479750151,上一个无敌的已经在埃及化灰了
121.407,普通弹幕,中,红,1600766176,0,d0084558,38600180742750213,试试
168.708,普通弹幕,中,白,1600760770,0,d349030f,38597346367897603,哔哩哔哩 乾杯~~~
482.391,普通弹幕,中,白,1600760169,0,4b412398,38597030903283715,下次也不一定
220.925,普通弹幕,中,白,1600760037,0,55788bd,38596961661616131,哔哩哔哩 - ( ゜- ゜)つロ 乾杯~
551.554,普通弹幕,中,白,1600755763,0,f2625786,38594720976338951,行为指导：黑羽快斗
115.299,普通弹幕,中,白,1600751722,0,4b611409,38592602621607941,参见死神
68.114,普通弹幕,中,白,1600748256,0,32b2be7e,38590785357086725,瞬间打脸哈哈哈哈哈
1258.123,普通弹幕,中,白,1600743290,0,8fb077cc,38588181522153477,安心上路吧！阿门
197.03,普通弹幕,中,白,1600742523,0,ccaf8074,38587779747151875,哔哩哔哩
228.093,底部弹幕,中,粉,1600741104,0,efd358aa,38587035303804933,哔哩哔哩 - (゜- ゜)つロ 乾杯~
208.957,底部弹幕,中,粉,1600741082,0,efd358aa,38587024138567685,( ゜- ゜)つロ哔哩哔哩干杯~
1243.346,底部弹幕,中,粉,1600740787,0,efd358aa,38586869526560771,路走窄了啊
200.611,普通弹幕,中,白,1600729655,0,8d7bce79,38581032786067459,哔哩哔哩干杯
166.179,普通弹幕,中,红,1600719098,0,d4ff0616,38575498129309699,哔哩哔哩 - ( ゜- ゜)つロ 乾杯~
1000.337,底部弹幕,中,蓝,1600711451,0,575e74c,38571488732250117,此时一个炮姐失去了梦想
764.901,底部弹幕,中,蓝,1600710921,0,575e74c,38571211113365507,电脑配件
1192.308,底部弹幕,中,红,1600710491,0,3f392529,38570985350758407,奥，了解了
1110.585,底部弹幕,中,红,1600710414,0,3f392529,38570944976388099,裙子里好像是安全裤
61.059,底部弹幕,中,蓝,1600709911,0,575e74c,38570681566756867,Java
196.82,普通弹幕,中,红,1600704936,0,bebe2b3d,38568072900509703,这算是那个年代的神仙画质了吧
1325.97,普通弹幕,中,白,1600704042,0,3b5baa3a,38567604622196743,还不是输给了上条当麻。
232.373,普通弹幕,中,白,1600701890,0,bd26faeb,38566476283117573,哔哩哔哩哔哩哔哩
1373.74,普通弹幕,中,白,1600701093,0,90b4bf69,38566057996713991,史提尔只负责打碟
1033.48,普通弹幕,中,白,1600700642,0,3fe197d,38565822052433925,纳豆太挑战人了
637.17,普通弹幕,中,红,1600697426,0,4d81860c,38564135766589447,还是没想到科技的发展会这么快
138.019,普通弹幕,中,红,1600696967,0,4d81860c,38563895190224901,热心市民御坂美琴
121.621,普通弹幕,中,白,1600696811,0,71f9ed4a,38563813170610183,老UT了
56.78,普通弹幕,中,白,1600696756,0,71f9ed4a,38563784468463623,白鼠城
318.954,底部弹幕,中,红,1600696414,0,19e8fc9c,38563605077557253,包庇咸犯
316.735,底部弹幕,中,红,1600696355,0,19e8fc9c,38563574305521667,包庇咸犯
316.735,底部弹幕,中,红,1600696342,0,19e8fc9c,38563567480340483,包庇咸犯
255.844,普通弹幕,中,红,1600695530,0,a0e77005,38563141568167939,魔禁
244.322,普通弹幕,中,白,1600694761,0,754da34b,38562738268012547,十多年了才出三季
172.036,普通弹幕,中,白,1600694188,0,32cb4283,38562437956894725,最喜欢这部了
144.495,普通弹幕,中,白,1600694152,0,32cb4283,38562419021709319,梦，开始的地方
275.56,普通弹幕,中,绿,1600693672,0,5b48c3c9,38562167406460931,前方明场面。
87.423,普通弹幕,中,绿,1600693383,0,5b48c3c9,38562015946473475,太特喵安全了
38.953,普通弹幕,中,白,1600693295,0,5b48c3c9,38561969777147911,建议此段全文背诵。
356.402,普通弹幕,中,白,1600691176,0,16460992,38560858937753603,没有打碟的神父真是太好了
120.579,普通弹幕,中,白,1600691133,0,7eb34578,38560836143284231,就是因为看了Re zero超喜欢贝蒂所以又跑回来看黑子了
229.305,普通弹幕,中,白,1600689086,0,24062f0c,38559763013828613,没男主
191.172,普通弹幕,中,白,1600687572,0,86d02d74,38558969119113283,哔哩哔哩 - ( ゜- ゜)つロ 乾杯~
176.875,普通弹幕,中,白,1600684708,0,99b9b14,38557467796307975,哔哩哔哩 (゜-゜)つロ 乾杯~
286.358,普通弹幕,中,红,1600677987,0,80bfb9ec,38553944232820741,把狙击手拉出去毙了
245.346,普通弹幕,中,白,1600677928,0,80bfb9ec,38553913210699783,中文？
1492.21,普通弹幕,中,白,1600675001,0,7ad6116d,38552378544750599,黑炮草哈哈哈哈
1128.354,普通弹幕,中,白,1600673481,0,ab333030,38551581882318851,他们难道不知道学园都市的风纪委员都是能力者吗
997.976,普通弹幕,中,白,1600673323,0,ab333030,38551498560897031,此刻一只小琴琴失去了梦想
165.653,普通弹幕,中,白,1600671915,0,a63c15a9,38550760781250565,哔哩哔哩 - (゜- ゜)つロ 乾杯~
1067.58,普通弹幕,中,白,1600671014,0,b0918d4b,38550288409296899,太平洋标准银行差事55分红
1.379,普通弹幕,中,白,1600664311,0,d6d27c57,38546774030286851,这个不是魔禁里洗澡唱的歌？
1334.388,普通弹幕,中,白,1600663554,0,48cbf4e9,38546377060909061,上一个无敌的是谁来着？
13.656,普通弹幕,中,白,1600662762,0,aff9099a,38545961962700805,..
19.72,普通弹幕,中,白,1600662218,0,ab333030,38545676477923331,路走窄了
1241.12,普通弹幕,中,白,1600659317,0,bbe40d01,38544155714519043,R.I.P
169.939,普通弹幕,中,白,1600657802,0,18d87c8,38543361117782019,刻入DNA的歌
555.079,普通弹幕,中,白,1600648845,0,ba545ba6,38538665198616581,这是自己人
1269.814,普通弹幕,中,白,1600646232,0,6edc3ac8,38537295270772739,这根本是黑子自己传的吧
1011.292,普通弹幕,中,白,1600645951,0,6edc3ac8,38537147763916803,一生的友人
564.794,普通弹幕,中,白,1600645494,0,6edc3ac8,38536908172689415,又不是女校，这完全是欺凌啊
209.401,底部弹幕,中,红,1600642757,0,a505f7ae,38535473648369667,哔哩哔哩 - ( ゜- ゜)つロ 乾杯~
968.413,普通弹幕,中,白,1600635837,0,60b0b935,38531845475270663,夏娜和吉田
145.899,普通弹幕,中,白,1600626430,0,b5580482,38526913118470151,把秋裤拿来！
1247.14,普通弹幕,中,白,1600625065,0,6415ff5,38526197484224515,危危危危
241.283,底部弹幕,中,紫,1600618978,0,7d74947f,38523006406885383,哔哩哔哩 - ( ゜- ゜)つロ 乾杯~
537.853,普通弹幕,中,白,1600616831,0,a540dac3,38521880875892741,无路赛无路赛
854.186,普通弹幕,中,白,1600616297,0,b5fba224,38521600542244869,震撼泪爷一整年的节奏？
705.91,普通弹幕,中,白,1600615306,0,eca25380,38521081368150021,魔禁里一开始炮姐确实是大小姐
676.969,普通弹幕,中,白,1600615121,0,eca25380,38520983954391045,泪爷这时候拿的还是魔禁剧本
1160.651,普通弹幕,中,白,1600612537,0,b6c0929e,38519629370359811,确实，黑子也算是学园都市的顶尖一小部分了
15.12,普通弹幕,中,粉,1600611185,0,f2c04e07,38518920598519813,好平
488.037,普通弹幕,中,白,1600610195,0,bf8c1817,38518401471086595,握草握草，这视角这么挺，
469.716,普通弹幕,中,白,1600609937,0,a33aa523,38518266084196359,明示投币
711.955,普通弹幕,中,白,1600609624,0,88cc950f,38518102152445957,没有男
465.227,底部弹幕,中,红,1600606985,0,4cab5f45,38516718480392197,黑子危
458.482,底部弹幕,中,白,1600606973,0,4cab5f45,38516712092467203,精准的德系工艺
45.03,底部弹幕,中,粉,1600606809,0,c64f45e7,38516626153275399,讲个笑话学院都市是最安全的地方
155.875,普通弹幕,中,红,1600606707,0,60af21c,38516572911828997,哔哩哔哩
987.543,底部弹幕,中,红,1600606637,0,b68eebb0,38516536033935367,前面有一只夏娜
74.122,普通弹幕,中,红,1600606606,0,60af21c,38516519653081093,光速打脸
243.574,普通弹幕,中,白,1600606509,0,7ba06c93,38516468871593989,有中文哎！
1305.297,普通弹幕,中,白,1600606102,0,3ef23770,38516255482183683,一路走好
212.94,普通弹幕,中,白,1600606003,0,5824cf69,38516203794726915,哔哩哔哩-(゜-゜)つロ乾杯~
1416.48,底部弹幕,中,黄,1600605648,0,4fd4ca41,38516017624252419,上一个大爷已经带娃了
59.65,普通弹幕,中,白,1600604510,0,78bdd71f,38515420747530247,666
775.905,普通弹幕,中,白,1600604471,0,7fcd60e,38515400302395399,6666
1360.758,普通弹幕,中,黄,1600600477,0,cfdae11b,38513306320764931,幻想御手？
195.325,底部弹幕,中,红,1600597714,0,322b2611,38511857942134791,哔哩哔哩干杯～
178.765,底部弹幕,中,红,1600597690,0,322b2611,38511845267472389,哔哩哔哩干杯～
1003.244,普通弹幕,中,白,1600595737,0,85d24512,38510821618745351,此时一只炮姐失去了梦想
165.786,普通弹幕,中,白,1600595352,0,39ed0dff,38510619736408069,呃，龙
199.54,普通弹幕,中,白,1600594880,0,85d24512,38510372033396741,哔哩哔哩 - ( ゜- ゜)つロ 乾杯~ 
1431.922,普通弹幕,中,绿,1600594310,0,fad93c01,38510073406291973,正道の光は、大地を照らし、暗いところをすべて照らす。
37.908,普通弹幕,中,白,1600594119,0,5f449ed7,38509973087977475,666
1202.933,普通弹幕,中,白,1600593654,0,27a484d3,38509729165606915,佩恩
210.779,普通弹幕,中,黄,1600591453,0,86a106c4,38508575563186181,哔哩哔哩干杯
189.883,普通弹幕,中,白,1600590890,0,d14c74ac,38508280226512899,教主插肩而过
445.656,普通弹幕,中,白,1600590404,0,2f1f32bf,38508025132089349,似乎比坦克主炮差一点点？讲真，太夸张了，坦克主炮威力比这高，但是应该也不至于水花这么大。。。
618.977,普通弹幕,中,白,1600590232,0,f797675,38507935289049095,坎坎坷坷看坎坎坷坷看客客气气(≧∇≦)
18.943,普通弹幕,中,白,1600590185,0,d14c74ac,38507910565724163,复习复习
0.87,普通弹幕,中,白,1600590155,0,d14c74ac,38507894798811143,复习 复习
168.112,普通弹幕,中,白,1600588933,0,64e04596,38507254274588679,哔哩哔哩( ゜- ゜)つロ乾杯
866.128,底部弹幕,中,黄,1600587128,0,8a066e13,38506307899621381,军火库
755.391,底部弹幕,中,黄,1600587017,0,8a066e13,38506249842589701,毕竟常台盘校草，万雌王
674.608,底部弹幕,中,黄,1600586937,0,8a066e13,38506207507382279,泪爷拿错了剧本，拿了魔禁1的剧本
1245.139,底部弹幕,中,红,1600586140,0,e2d75e00,38505789844357127,危 劫匪 危
224.731,普通弹幕,中,白,1600586028,0,50ab4046,38505731266707461,哔哩哔哩( ゜- ゜)つロ 乾杯~
1000.479,底部弹幕,中,淡蓝,1600585866,0,e2d75e00,38505646045790215,一只美琴失去了梦想
940.12,底部弹幕,中,绿,1600585792,0,e2d75e00,38505607506952199,呱呱呱呱
807.211,底部弹幕,中,黄,1600585651,0,e2d75e00,38505533521526791,震撼泪爷一整年
769.961,底部弹幕,中,黄,1600585597,0,e2d75e00,38505505194246147,电脑配件
25.746,普通弹幕,中,白,1600584834,0,529cbb75,38505105093820419,9500万发来核电
1393.146,普通弹幕,中,红,1600583673,0,af06e6d4,38504496127541251,上一个无敌的已经在太空思考人生了。
75.659,普通弹幕,中,白,1600583539,0,8411b823,38504425990914055,《请家长安心》(ღ˘⌣˘ღ)
388.476,普通弹幕,中,白,1600582467,0,affec8d4,38503864107270149,光子，前几集滴神
334.567,普通弹幕,中,白,1600582399,0,affec8d4,38503828444151811,没有打碟的神父太舒服了
212.458,普通弹幕,中,红,1600579470,0,197d7de5,38502292654653443,哔哩哔哩-(゜-゜)つロ乾杯~
1182.676,底部弹幕,中,红,1600578672,0,7d15897e,38501874224070663,幻影移形
712.243,普通弹幕,中,白,1600578614,0,6eec837d,38501843977895941,.0
510.534,普通弹幕,中,白,1600577792,0,b3c50428,38501413132173319,这里改了吧？
645.189,普通弹幕,中,红,1600576976,0,d6467753,38500985449480197,土御门
1068.212,普通弹幕,中,白,1600576567,0,839199c7,38500770768224259,強行事件
1413.94,普通弹幕,中,白,1600576437,0,f81e8b8c,38500702570414083,皮卡丘hhhh
212.494,普通弹幕,中,红,1600576178,0,d6467753,38500567031480327,哔哩哔哩干杯
228.872,普通弹幕,中,白,1600575232,0,89b3ab89,38500070994214919,還裏遠飛奧兇龢龢會照顧
160.059,普通弹幕,中,白,1600575179,0,f81e8b8c,38500042826317827,bgm好熟悉！
211.081,普通弹幕,中,白,1600574433,0,298cddeb,38499652001595399,投币出生的地方
186.016,普通弹幕,中,白,1600573795,0,e0731f41,38499317232697347,干杯
1098.293,普通弹幕,中,白,1600573234,0,1c9a99e,38499023283290115,劫匪——危！！！快跑呀！！！！
1078.373,普通弹幕,中,白,1600573198,0,1c9a99e,38499004427272195,众所周知在学院都市小混混和劫匪是一个危险的职业
932.964,普通弹幕,中,白,1600573075,0,1c9a99e,38498939996471303,某科学的超傲娇炮
148.143,普通弹幕,中,白,1600572870,0,d4763a9c,38498832626483269,哔哩哔哩-(゜-゜)つロ乾杯~
750.821,普通弹幕,中,粉,1600572839,0,1c9a99e,38498816076283909,前方核能，黑子——危！！！
514.02,普通弹幕,中,粉,1600572626,0,1c9a99e,38498704540827653,雷区蹦迪，黑子——危
277.06,普通弹幕,中,粉,1600572365,0,1c9a99e,38498567505051653,贩卖机——危！！！
222.279,普通弹幕,中,粉,1600572298,0,1c9a99e,38498532552867845,哔哩哔哩(゜-゜)つロ 干杯~
189.32,普通弹幕,中,粉,1600572263,0,1c9a99e,38498513995694085,哔哩哔哩(゜-゜)つロ 干杯~
98.44,普通弹幕,中,粉,1600572158,0,1c9a99e,38498459111653383,回眸一笑百媚生，白井黑子误终身
78.162,底部弹幕,中,红,1600569383,0,aa59c948,38497004436848645,安全如哥谭市
57.961,底部弹幕,中,红,1600569325,0,aa59c948,38496973739261959,C++
476.513,普通弹幕,中,白,1600565320,0,3d1dc884,38494873972637699,下次一定
23.088,普通弹幕,中,白,1600564420,0,6c9b8efe,38494402504032261,真的假的．
17.459,普通弹幕,中,白,1600564402,0,6c9b8efe,38494392557764611,假水，别信
197.694,普通弹幕,中,白,1600564385,0,85233fa3,38494383916974085,哔哩哔哩(゜-゜)つロ 乾杯~
218.651,普通弹幕,中,白,1600563347,0,7d4d4155,38493839508897797,哔哩哔哩干杯
76.14,普通弹幕,中,白,1600562470,0,37ed770b,38493379693641733,光速打脸
68.68,普通弹幕,中,白,1600559673,0,a75d6e03,38491913259057155,今天可冷了
196.756,普通弹幕,中,白,1600548430,0,34b81789,38486018817523717,哔哩哔哩-(゜-゜) つロ乾杯~
916.342,底部弹幕,中,黄,1600547596,0,131006ca,38485581828194311,便宜货
540.25,底部弹幕,中,黄,1600547205,0,131006ca,38485376420020227,这个番，没男主的，是炮姐外传
1120.254,普通弹幕,中,白,1600542592,0,a1d6d741,38482958249099271,蝎!
107.667,普通弹幕,中,白,1600542481,0,a1d6d741,38482899918913539,贝蒂
714.96,普通弹幕,中,白,1600535539,0,38a67a1,38479260076736517,泪爷跟大爷住同一层楼，声音出过镜
158.569,普通弹幕,中,白,1600534294,0,c87a7a9c,38478607600844805,哔哩哔哩干杯
188.508,普通弹幕,中,白,1600530760,0,667059d7,38476754711478277,哔哩哔哩 - (゜- ゜)つロ 乾杯~
243.094,普通弹幕,中,白,1600530365,0,3f3234a5,38476547372875781,哔哩哔哩 - ( ゜- ゜)つロ 乾杯~
518.496,普通弹幕,中,白,1600529708,0,74668426,38476203330895875,黑子?
770.745,普通弹幕,中,黄,1600529582,0,f05be124,38476136904130563,女生都这么开放的吗
159.569,普通弹幕,中,白,1600529439,0,64450ed6,38476062336745479,核能OP
4.013,普通弹幕,中,白,1600529282,0,64450ed6,38475979617206275,1E 冲啊
486.254,普通弹幕,中,白,1600529171,0,f05be124,38475921479958533,女浴室还要遮遮掩掩
381.869,普通弹幕,中,白,1600529054,0,f05be124,38475860539342851,差点就看成是鬼灭的女主了
174.471,普通弹幕,中,白,1600529009,0,4c90a73d,38475836578332675,哔哩哔哩
556.608,普通弹幕,中,白,1600528251,0,ef5ae47c,38475439299624967,awsl
1460.598,底部弹幕,中,蓝,1600528238,0,d888843e,38475432578777091,精准。。。这是哪儿？
377.693,底部弹幕,中,红,1600527796,0,172c062a,38475200660504579,婚后光子！！！
29.172,普通弹幕,中,白,1600527687,0,c868483a,38475143343243267,2333333
270.913,底部弹幕,中,红,1600527681,0,172c062a,38475140482727943,危   贩卖机    危
64.26,底部弹幕,中,红,1600527529,0,172c062a,38475060659879939,万全的治安体制
84.211,普通弹幕,中,白,1600526425,0,3202ccce,38474481895735303,学园都市是最安全的
1346.454,底部弹幕,中,黄,1600523206,0,4fd4ca41,38472794096271363,一方带娃呢
1208.765,底部弹幕,中,黄,1600522935,0,4fd4ca41,38472652104400899,黑子真帅
10.86,普通弹幕,中,白,1600520422,0,d247b4ef,38471334694486021,好看吗
93.108,底部弹幕,中,红,1600520164,0,dadadfb3,38471199157649413,大乔的声优？
232.246,普通弹幕,中,白,1600519809,0,3089c999,38471013384060931,哔哩哔哩
174.466,普通弹幕,中,黄,1600518792,0,3f853648,38470479803056133,哔哩哔哩( ゜- ゜)つロ乾杯   
184.411,普通弹幕,中,白,1600518072,0,3442c169,38470102773399557,哔哩哔哩( ゜- ゜)つロ 乾杯、
1415.817,底部弹幕,中,红,1600517268,0,bfa6fb18,38469680907681795,绯红之王！
246.274,普通弹幕,中,白,1600517255,0,58e641db,38469674224582659,干杯
200.102,普通弹幕,中,白,1600517199,0,58e641db,38469644777947141,GANBEI
142.771,普通弹幕,中,白,1600516357,0,d9121f52,38469203369918471,带电的女人
17.6,普通弹幕,中,白,1600516189,0,d9121f52,38469115384954887,小混混小混混要完蛋
170.537,普通弹幕,中,白,1600515947,0,a4eb5348,38468988368322567,哔哩哔哩（゜-゜)つロ 乾杯～～
63.556,普通弹幕,中,白,1600514792,0,40794054,38468382882791427,万全的治安体系
1175.44,普通弹幕,中,白,1600513363,0,14bc6eed,38467633926897669,蝎坠落了
158.318,普通弹幕,中,白,1600512998,0,dc74ed34,38467442104074247,哔哩哔哩
148.497,普通弹幕,中,白,1600512237,0,baee7597,38467043595386887,站歌
29.798,普通弹幕,中,白,1600512111,0,baee7597,38466977159708679,高危职业
121.456,普通弹幕,中,白,1600510315,0,549e69b,38466035767050247,大爷
1406.522,普通弹幕,中,白,1600509318,0,88658f80,38465513016786949,上一个无敌的已经拄拐杖了
239.654,普通弹幕,小,黄,1600508774,0,bc4f1175,38465227533058055,哔哩哔哩 - ( ゜- ゜)つロ 乾杯~ 
42.825,普通弹幕,中,橙,1600507995,0,8e1384a2,38464819135250439,众所周知小混混是濒危物种
1389.161,底部弹幕,中,绿,1600506439,0,af57f620,38464003360423939,地上的二乔想西撒
356.169,普通弹幕,中,白,1600505801,0,c7d617ff,38463668800716807,神父打碟
24.166,普通弹幕,中,白,1600505612,0,c89869e6,38463569854988291,一方通行也说过这句话哈哈哈
1268.386,普通弹幕,中,白,1600505424,0,804b718e,38463471508520965,混混兄弟一路走好
1100.297,普通弹幕,中,白,1600505256,0,804b718e,38463383384096771,抢劫犯快跑！
178.76,普通弹幕,中,白,1600505080,0,b3090a37,38463290750795781,正片开始
200.255,普通弹幕,中,白,1600504327,0,804b718e,38462896355672135,哔哩哔哩
1031.497,普通弹幕,中,白,1600503363,0,bff161cf,38462390602301447,すごいね
866.431,普通弹幕,中,白,1600503197,0,bff161cf,38462303538511875,よろしくお願いします
138.308,普通弹幕,中,白,1600500575,0,f4d37088,38460929334050821,热心市民
207.542,普通弹幕,中,白,1600496623,0,6c08d0ea,38458857262415877,哔哩哔哩 - (゜- ゜)つロ 乾杯~
110.815,普通弹幕,中,白,1600495569,0,cfb0755a,38458304582647811,变态出现了
186.001,底部弹幕,中,红,1600494262,0,6deb916c,38457619038863429,哔哩哔哩干杯！
167.142,普通弹幕,中,白,1600494213,0,5836fdf7,38457593649168391,梦开始的地方，梦开始的地方
78.552,底部弹幕,中,红,1600494154,0,6deb916c,38457562793246727,万  全
54.477,普通弹幕,中,红,1600494130,0,6deb916c,38457550150565893,危 小混混 危
194.258,普通弹幕,中,白,1600494030,0,b8b67021,38457497837633543,哔哩哔哩( ゜- ゜)つロ乾杯
605.586,普通弹幕,中,白,1600493065,0,7efd665b,38456991799050245,阴影吧
199.255,普通弹幕,中,白,1600492771,0,54b776d5,38456837715001349,哔哩哔哩干杯
1308.235,普通弹幕,中,白,1600492014,0,f0accdd5,38456440508121091,里面还有个小孩啊
775.02,普通弹幕,中,白,1600491231,0,ad8da3cd,38456030275305477,正经人谁写日记啊
71.979,普通弹幕,中,白,1600490075,0,fa8a81c,38455424271777797,大型翻车现场
13.579,普通弹幕,中,白,1600489999,0,fa8a81c,38455383982342149,哔哩哔哩
913.886,普通弹幕,中,白,1600489750,0,f48026a0,38455253799010309,孤寡孤寡
187.338,普通弹幕,中,红,1600489095,0,8a4fbf6f,38454910059544581,哔哩哔哩-）
34.615,普通弹幕,中,白,1600488693,0,142e3491,38454699517542407,梦开始的地方
199.099,普通弹幕,小,红,1600487270,0,1f2aeb7b,38453953282703367,哔哩哔哩 (゜-゜)つロ 干杯~
115.381,普通弹幕,中,白,1600486688,0,43bf9f40,38453648238837763,到底谁是野蛮人啊.......
202.133,普通弹幕,中,白,1600486069,0,c963d78,38453323685167107,哔哩哔哩干杯
1382.187,普通弹幕,中,白,1600485050,0,b49f40fd,38452789681586247,正道的光
165.654,底部弹幕,中,红,1600484227,0,574f3d95,38452357926748167,哔哩哔哩（゜-゜)つロ 乾杯～～
143.563,底部弹幕,中,紫,1600484014,0,e1d6938,38452246454730759,黑子
910.273,普通弹幕,中,白,1600479997,0,268f647,38450140397699075,年纪越大裤子越短
1388.292,普通弹幕,中,黄,1600479655,0,7c4753a8,38449960947023877,上一个无敌的已经停止了思考
769.609,普通弹幕,中,白,1600479598,0,6b613f1b,38449931292246019,电脑配件
610.683,普通弹幕,中,白,1600479242,0,96570d57,38449744423944197,上一个l0已经无敌了
73.7,底部弹幕,中,白,1600477891,0,e39b7a4f,38449035909005319,哥 谭
581.4,普通弹幕,中,白,1600477814,0,35642a56,38448995709222917,图对方视角
17.184,普通弹幕,中,白,1600477576,0,d8b84399,38448871192920067,路走窄了
1362.116,普通弹幕,中,白,1600474691,0,c023ea67,38447358342070279,兜里那个是幻想御手。
16.897,普通弹幕,中,白,1600466060,0,bba7fa70,38442833399513093,混混快跑
196.712,普通弹幕,中,白,1600454954,0,b74590bd,38437010813222919,干杯
164.542,普通弹幕,中,红,1600448997,0,94b7cc77,38433887118426119,居然在这啊
1170.198,普通弹幕,中,白,1600448165,0,93be5412,38433451236917253,言灵•君焰
25.759,普通弹幕,中,白,1600447322,0,8d577377,38433009004183555,呀嘞呀嘞dazi
637.56,普通弹幕,中,白,1600445830,0,fb70cd24,38432227123527685,灰常nice
179.938,普通弹幕,中,白,1600444178,0,671bb524,38431360922157063,哔哩哔哩(゜-゜)つロ 干杯~
767.147,普通弹幕,中,白,1600439671,0,82e68810,38428997851807811,没有男主吗
753.581,普通弹幕,中,白,1600439657,0,82e68810,38428990728830979,没有男主吗
1333.729,普通弹幕,中,绿,1600438883,0,28034259,38428584709193731,投币的威力
451.293,底部弹幕,中,红,1600438576,0,a06da2bc,38428423857635331,常盘台的王牌
486.356,普通弹幕,中,黄,1600438085,0,e84d57f5,38428166420168709,摄影师加鸡腿。
203.26,普通弹幕,中,白,1600435607,0,72c43b3a,38426867239747589,哔哩哔哩(゜-゜)つロ 干杯~
91.116,普通弹幕,中,白,1600433630,0,921c7ae9,38425830515802115,黑琴赛高
142.472,普通弹幕,中,白,1600433403,0,b982aca6,38425711705325571,贝贝贝贝蒂？？？！！！
68.994,普通弹幕,中,白,1600432739,0,a9f8e489,38425363428147203,明明是Java
187.261,普通弹幕,中,白,1600432205,0,e15417f4,38425083380236291,QAQ画质感人
56.879,底部弹幕,中,红,1600428925,0,dc5a1bcf,38423364005527555,教育学！
1318.78,底部弹幕,中,红,1600428772,0,63b1b15c,38423283593379845,特斯拉觉得很淦
1172.58,底部弹幕,中,红,1600428618,0,63b1b15c,38423202835202055,买鸡小子雷德
1071.86,底部弹幕,中,红,1600428512,0,63b1b15c,38423147124359175,危银行 危
234.929,普通弹幕,中,白,1600428175,0,3369ed95,38422970726612999,哔哩哔哩 - ( ゜- ゜)つロ 乾杯~
571.807,普通弹幕,中,白,1600427291,0,44253f40,38422507112366085,lsp了
699.606,普通弹幕,中,白,1600427288,0,78a7185d,38422505652748295,俺也一样
539.662,普通弹幕,中,白,1600427170,0,78a7185d,38422443642585091,必杀，上升气流
389.216,普通弹幕,中,白,1600427020,0,78a7185d,38422365059153987,婚后光子，啊啊啊，爱了爱了
100.66,普通弹幕,中,白,1600426799,0,78a7185d,38422249448931331,黑子赛高
25.38,普通弹幕,中,白,1600426718,0,78a7185d,38422206685380615,小混混，危！
768.528,普通弹幕,中,白,1600424035,0,bfda9ef7,38420800054755335,黑子 危
385.238,普通弹幕,中,白,1600423619,0,bfda9ef7,38420581939937287,婚后一血
279.178,普通弹幕,中,白,1600423492,0,bfda9ef7,38420515206463495,售货机 危险
73.629,普通弹幕,中,白,1600423362,0,bfda9ef7,38420447089917959,安全极了
722.7,普通弹幕,中,白,1600419178,0,dd08d879,38418253779828739,怎么听这声音都像贝蒂
201.326,普通弹幕,中,红,1600412490,0,e72b038e,38414747189116933,哔哩哔哩乾杯
670.942,底部弹幕,中,绿,1600405379,0,4ad08d35,38411019102978055,泪爷把魔禁剧本放下！
200.019,普通弹幕,中,白,1600403175,0,abc16349,38409863408123909,哔哩哔哩-(゜-゜)つロ乾杯~
218.671,普通弹幕,中,白,1600396791,0,c637d33,38406516616724485,哔哩哔哩(゜-゜)つロ 干杯~
209.246,普通弹幕,中,白,1600395194,0,544354c5,38405679330885639,哔哩哔哩( ゜- ゜)つロ乾杯
174.503,普通弹幕,中,白,1600388383,0,727461f6,38402107996372999,哔哩哔哩-(゜-゜)つロ乾杯~
1076.391,普通弹幕,中,黄,1600369879,0,cf32c4,38392406767828995,康娜行为！
227.709,普通弹幕,中,黄,1600368868,0,cf32c4,38391876620910599,哔哩哔哩
956.378,普通弹幕,中,白,1600361487,0,37ae572e,38388006900465671,夏娜一美也在买
610.532,普通弹幕,中,白,1600361372,0,dd2515f0,38387946844848133,拿剧本的不在乎等级
226.313,普通弹幕,中,白,1600356254,0,43f9d781,38385263458648071,哔哩哔哩 - ( ゜- ゜)つロ 乾杯~ 
1194.303,底部弹幕,中,黄,1600353377,0,11e2fa8a,38383754876551175,动作指导：佩恩
534.662,底部弹幕,中,蓝,1600353007,0,b72bf744,38383560834940935,五~一~哈~喽~
1273.285,底部弹幕,中,白,1600352278,0,febe5ef7,38383178625843207,都市传说
1155.376,底部弹幕,中,白,1600352160,0,febe5ef7,38383116810715141,为什么脸红啊
935.887,底部弹幕,中,白,1600351918,0,febe5ef7,38382989974437893,教科书
938.742,普通弹幕,中,白,1600349282,0,df506f89,38381608086536199,老E
27.357,普通弹幕,中,白,1600343565,0,71694525,38378610674892807,哈哈哈
212.317,普通弹幕,中,白,1600342774,0,a7806ef8,38378195784826883,哔哩哔哩
160.74,普通弹幕,中,白,1600340260,0,24f73468,38376877688619011,哔哩哔哩干杯！
774.973,普通弹幕,中,白,1600339243,0,6b7afd84,38376344450498567,？hhhh
1258.976,普通弹幕,中,白,1600337250,0,916a9e94,38375299671392263,像桃子吃啊
1172.498,普通弹幕,中,白,1600337163,0,916a9e94,38375254340403203,好难噶
1141.524,普通弹幕,中,白,1600337132,0,916a9e94,38375238126272517,看好了小姑凉
35.377,普通弹幕,中,白,1600336628,0,2a56ab96,38374973535944711,阿这
1282.956,普通弹幕,中,白,1600335333,0,cd85b559,38374294711959557,大爷&冰箱：啥
490.341,普通弹幕,中,白,1600334022,0,33be457d,38373607592165381,天堂
160.259,普通弹幕,中,白,1600333930,0,4cb9e183,38373559153197061,哇，在bgm
154.459,普通弹幕,中,白,1600333919,0,4cb9e183,38373553326784515,哇，在vgm
1243.002,普通弹幕,中,白,1600331256,0,faa6e164,38372157134733317,总所周知 劫匪和小混混都是高危职业
403.073,普通弹幕,中,白,1600330345,0,8ab559a8,38371679581241351,贝蒂
64.099,普通弹幕,中,白,1600324578,0,c5966e02,38368655834611717,哈哈哈
1283.081,底部弹幕,中,红,1600322443,0,4d5aec8a,38367536395845639,L=T_V
47.614,普通弹幕,中,白,1600321952,0,4cee5754,38367279118286855,这蝉声真实
608.085,普通弹幕,中,白,1600319422,0,bf12cd32,38365952592576515,风暴指挥官——佐天泪子
53.357,底部弹幕,中,白,1600318777,0,89ca6907,38365614797488131,c++！
213.514,普通弹幕,中,白,1600318362,0,def56ce7,38365396911259651,哔哩哔哩-(゜-゜)つロ乾杯~
191.654,普通弹幕,中,白,1600318336,0,def56ce7,38365383158661123,哔哩哔哩-(゜-゜)つロ乾杯~
215.307,普通弹幕,中,白,1600316580,0,78693433,38364462653636611,L＝T-V
32.619,普通弹幕,中,白,1600316385,0,f09c5c9a,38364360394407941,l=t-v
734.992,普通弹幕,中,白,1600314975,0,5154103d,38363621158289411,碧翠丝
536.98,普通弹幕,中,白,1600314095,0,7feca06e,38363159829938179,上升气流
168.619,普通弹幕,中,白,1600313672,0,7feca06e,38362938088620035,挖三填一瞩目
112.988,普通弹幕,中,白,1600311438,0,e0a42ce7,38361766679281671,贝蒂？
130.611,底部弹幕,小,紫,1600307490,0,77830fe,38359696818569221,小混混危
201.744,普通弹幕,中,白,1600300651,0,1d7aa57f,38356111108603909,哔哩哔哩干杯
213.566,普通弹幕,中,白,1600276279,0,9f4d8c70,38343333175623687,哔哩哔哩
475.964,普通弹幕,中,白,1600272057,0,df999e1e,38341119808372739,lsp
182.789,普通弹幕,中,白,1600272001,0,936cb218,38341090356494343,哔哩哔哩( ゜- ゜)つロ乾杯
726.02,普通弹幕,中,红,1600267458,0,b1028639,38338708605239299,炮姐最帅！不接受反驳
545.428,普通弹幕,中,红,1600266815,0,b1028639,38338371380051975,炮姐最帅不接受反驳/
456.024,普通弹幕,中,红,1600266673,0,b1028639,38338297009274887,炮姐最帅不接受反驳。
443.611,普通弹幕,中,红,1600266659,0,b1028639,38338289543938051,炮姐最帅！不接受反驳
427.741,普通弹幕,中,红,1600266628,0,b1028639,38338273359167493,炮姐最帅不接受反驳
301.717,普通弹幕,中,白,1600266436,0,2e7e29f9,38338173071261703,黑子好酷
199.843,普通弹幕,中,深蓝,1600266263,0,b1028639,38338082200616965,炮姐最帅不接受反驳
173.849,普通弹幕,中,白,1600266237,0,b1028639,38338068584333315,炮姐最帅不接受反驳
468.615,普通弹幕,中,白,1600264058,0,30619590,38336926190141447,啊，这
169.48,普通弹幕,中,白,1600263433,0,24c12601,38336598482878467,哔哩哔哩
153.517,普通弹幕,中,白,1600259819,0,88308c96,38334703855468547,前方预警
229.644,底部弹幕,中,红,1600258368,0,2d2bd89c,38333942811066375,魔禁找炮姐，超炮找教主，处处找大爷
208.339,普通弹幕,中,白,1600258208,0,2d2bd89c,38333858914500611,魔禁找
1405.79,普通弹幕,中,绿,1600255212,0,6ba2fbf6,38332288311230469,上一个无敌的是谁鸭
46.808,底部弹幕,中,红,1600255162,0,aa59c948,38332262210076677,基洛夫飞艇
995.241,普通弹幕,中,绿,1600254799,0,6ba2fbf6,38332071736770567,呱呱呱呱
1393.134,普通弹幕,中,白,1600254786,0,af49c1c,38332064689815557,上一个无敌的已经剃头结婚带娃了
327.169,普通弹幕,中,黄,1600254128,0,c9752238,38331720023408647,常盘台女校……
272.595,普通弹幕,中,黄,1600254005,0,c9752238,38331655160070151,贩卖机：是不是玩不起
167.019,普通弹幕,中,白,1600253636,0,b511b358,38331461689933829,OP太熟悉
559.103,普通弹幕,中,白,1600253569,0,d6fb58e9,38331426744565767,脸部指导：蜡笔小新
63.7,普通弹幕,中,白,1600250674,0,f7bbfd57,38329908899872775,超能力
135.759,普通弹幕,中,白,1600250222,0,bb81afeb,38329672029175813,雷电法王杨永信
671.508,普通弹幕,中,白,1600248822,0,ac8a95e,38328938084171781,泪爷唯一错的一次
1316.697,普通弹幕,中,红,1600247959,0,f59415c6,38328485796642823,大爷：好像很厉害的样子
328.984,普通弹幕,中,白,1600242764,0,c5127632,38325762063335495,常磐庄
1138.665,普通弹幕,中,粉,1600234772,0,55a236ff,38321571965173767,老黑nb
1069.716,普通弹幕,中,白,1600234686,0,55a236ff,38321526754770949,姐控个屁又不是亲姐妹
573.627,普通弹幕,中,白,1600232299,0,c5acea49,38320274977325061,要看要看！！
502.087,普通弹幕,中,白,1600232220,0,c5acea49,38320233619914759,人均LSP
1275.333,普通弹幕,中,紫,1600229690,0,fca2ac39,38318907247296519,这就是都市传说吗？爱了爱了
671.838,普通弹幕,中,黄,1600228587,0,42f5d131,38318329278496771,没错！
195.98,普通弹幕,中,白,1600226146,0,59dc57c3,38317049258704901,哔哩哔哩
190.577,底部弹幕,中,白,1600225028,0,72b52ba3,38316462964736007,哔哩哔哩(◦˙▽˙◦)乾杯
182.04,普通弹幕,中,白,1600218120,0,9562c290,38312841411297285,哔哩哔哩 (゜-゜)つロ 乾杯~
767.163,普通弹幕,中,白,1600193584,0,c5ff1827,38299977211445255,决战内裤？！？！
148.622,底部弹幕,中,红,1600190905,0,13b2b0ef,38298572844695555,演唱者：南条爱乃
143.202,普通弹幕,中,白,1600190881,0,13b2b0ef,38298560176324611,演唱者：南条爱乃
211.428,普通弹幕,中,红,1600187315,0,7c850449,38296690697437191,哔哩哔哩 (゜-゜)つロ 干杯~
1366.876,普通弹幕,中,粉,1600186671,0,16d9a47a,38296352859881479,小男孩:谢谢有爽到
1343.572,普通弹幕,中,红,1600185916,0,18831cdb,38295957256798213,上一个无敌的已经停止思考了
1361.809,普通弹幕,中,白,1600185624,0,a9d598b0,38295803969142789,上一个无敌已经秃了
514.624,普通弹幕,中,白,1600185160,0,ddd4aea3,38295560571060231,平板垫脑
1359.277,普通弹幕,中,黄,1600184264,0,4c2bee6f,38295090933268487,注意细节
927.274,普通弹幕,中,白,1600184057,0,feb35c65,38294982267764741,呆唯
167.459,普通弹幕,中,白,1600183100,0,7a624455,38294480705552387,哔哩哔哩-(゜-゜)つロ乾杯~
471.272,普通弹幕,中,白,1600181598,0,c1888d14,38293693140566023,哪有这么大？不科学
177.681,普通弹幕,中,白,1600180808,0,94e53f74,38293279299600387,欧尼桑麻
626.256,普通弹幕,中,白,1600179284,0,127b9bb8,38292480068681731,下忍打架，神仙遭殃
481.192,普通弹幕,中,白,1600178417,0,86283ff7,38292025697107971,老绅士了
1144.898,普通弹幕,中,白,1600178368,0,e057831e,38291999773687815,在学园都市这么天真？？
281.47,普通弹幕,中,白,1600178177,0,86283ff7,38291899430207493,热心市民
1173.874,普通弹幕,中,白,1600177645,0,4c903fdd,38291620847157251,言灵·君炎
180.785,普通弹幕,中,蓝,1600176935,0,cf69be01,38291248442245125,哔哩哔哩(゜-゜)つロ 干杯~
585.182,底部弹幕,中,粉,1600174693,0,a0b9491e,38290073190924291,恒温死神
537.645,普通弹幕,中,白,1600173730,0,42e419d5,38289568217169925,上升气流！
111.408,普通弹幕,中,白,1600173300,0,42e419d5,38289342879236101,黑子真的好可爱
233.058,普通弹幕,中,白,1600172443,0,8358a6e1,38288893167534083,哔哩哔哩 - ( ゜- ゜)つロ 乾杯~
739.601,普通弹幕,中,白,1600171007,0,1b3f55f8,38288140354453511,贝蒂
494.316,普通弹幕,中,白,1600169960,0,2bea695d,38287591698071559,有一种串剧的感觉，狗头保命
319.616,普通弹幕,中,白,1600169756,0,2bea695d,38287484649472005,贝蒂？
1333.885,普通弹幕,中,白,1600168959,0,e7e800e4,38287066922483717,上一个无敌已经去见太阳了
65.746,底部弹幕,中,红,1600168953,0,6018a52,38287063859068931,c!
61.819,普通弹幕,中,白,1600168938,0,6018a52,38287055901425671,c!
1451.468,底部弹幕,中,红,1600168463,0,1fc2500,38286806971056133,上一个无敌的还在某片树林的土地上埋着
750.418,普通弹幕,中,白,1600167788,0,6020fe24,38286452864843779,前方高能
1183.277,普通弹幕,中,白,1600162743,0,737e969e,38283807891128323,有战术的啊
1086.013,普通弹幕,中,白,1600161881,0,56dd9943,38283355732049923,专业
942.845,普通弹幕,中,白,1600161730,0,56dd9943,38283276808355845,呱呱呱
463.572,普通弹幕,中,白,1600159113,0,16f0c5cb,38281904666443781,下次一定
99.075,普通弹幕,中,粉,1600158646,0,4ba21029,38281659732721667,回眸一笑百媚生，白井黑子误终生
643.854,普通弹幕,中,白,1600157991,0,7ce80325,38281316448337925,诺基亚N8？
197.163,普通弹幕,中,红,1600156116,0,7591a8cd,38280333113688069,哔哩哔哩( ゜- ゜)つロ乾杯
162.918,普通弹幕,中,白,1600152442,0,fd6df921,38278406933577733,贝蒂
193.059,普通弹幕,中,白,1600152256,0,9d54fad1,38278309608423431,哔哩哔哩 （゜-゜）つロ 干杯~-
1388.946,普通弹幕,中,白,1600146076,0,23382c64,38275069556817927,上一个无敌的还在带娃
1287.298,普通弹幕,中,白,1600145972,0,23382c64,38275014911852551,大爷：？？？
74.586,普通弹幕,中,白,1600144659,0,23382c64,38274326481862659,真·完全
473.305,普通弹幕,中,黄,1600143978,0,81afe1c6,38273969449598983,啊啊啊！
261.363,普通弹幕,中,白,1600141808,0,23b75807,38272832052920325,贝蒂？
941.234,普通弹幕,中,白,1600139513,0,f02a463d,38271628402491397,绝了
115.82,普通弹幕,中,白,1600136394,0,447b592a,38269993517842435,贝蒂声优
855.617,普通弹幕,中,白,1600134890,0,8e697258,38269204605960195,最强人类阶段
805.427,普通弹幕,中,白,1600131608,0,692eeec6,38267484082012163,好Q弹呢
230.802,普通弹幕,中,白,1600122787,0,c6748d76,38262859251056647,哔哩哔哩 - ( ゜- ゜)つロ 乾杯~ 
585.34,普通弹幕,中,紫,1600110121,0,8977869b,38256218919141379,恒温死神
1391.878,普通弹幕,中,白,1600108638,0,8f7b246b,38255441097523203,大功一件呢，沙爹桑
553.961,普通弹幕,中,白,1600108525,0,99e59989,38255381890203653,这是百合番么？
606.48,普通弹幕,中,白,1600107831,0,8f7b246b,38255018172743687,生生穿成露脐装
1069.909,普通弹幕,中,白,1600105555,0,802e6f2e,38253824804126723,绝对安全都市学院
192.852,普通弹幕,中,白,1600104237,0,8ca5c692,38253133669335043,哔哩哔哩 - (゜- ゜)つロ 乾杯~
433.704,普通弹幕,中,黄,1600102339,0,9f4e2390,38252138769416199,沃辛顿射流[doge]]
558.674,普通弹幕,中,白,1600099546,0,56e6db64,38250674341806087,好可爱
1075.281,普通弹幕,中,白,1600098931,0,482b162f,38250351936667651,没有男主吗
676.966,底部弹幕,中,黄,1600096946,0,edf32745,38249311394856963,上一个这么说的天天想着上炮姐
181.94,普通弹幕,中,白,1600095600,0,c565e359,38248605377626117,哔哩哔哩|•'-'•)و✧干杯
1195.001,底部弹幕,中,黄,1600095217,0,1f393ee2,38248404901429251,老佩恩了
197.763,普通弹幕,中,白,1600093918,0,a8b23303,38247723692982279,哔哩哔哩 - ( ゜- ゜)つロ 干杯~
219.37,普通弹幕,中,红,1600091887,0,235ab49f,38246658985689093,TESTING
208.617,普通弹幕,中,蓝,1600091850,0,235ab49f,38246639647850503,哔哩哔哩 - ( ゜- ゜)つロ 乾杯~ 
176.307,普通弹幕,中,紫,1600091543,0,4eec5457,38246478621179907,哔哩哔哩( ゜- ゜)つロ乾杯
432.256,普通弹幕,中,白,1600090061,0,25f81014,38245701257789443,就算有也是压制着能力的。。
1410.62,底部弹幕,中,红,1600086936,0,243ce2dd,38244062919655431,爹～妈～飞～
155.019,普通弹幕,中,白,1600085606,0,a3b34fdf,38243366042337285,哔哩哔哩
1243.828,普通弹幕,中,白,1600085196,0,9057ff81,38243150864056323,送！一路走好！
1319.001,普通弹幕,中,白,1600081614,0,c72a50a0,38241273066291207,路断了
440.289,普通弹幕,中,白,1600079280,0,1ce3f7f3,38240048950280197,''
824.413,普通弹幕,中,白,1600078505,0,84dc4c96,38239642794852359,初春饰利是纱雾的配音吗
1070.225,底部弹幕,中,红,1600074269,0,ed753fcf,38237422084947973,真·言灵
57.709,底部弹幕,中,红,1600073467,0,ed753fcf,38237001430335493,言灵·逆
335.716,普通弹幕,中,白,1600072589,0,af2e021,38236541104947203,医疗兵都看到了。还用得着狙击手。
44.7,普通弹幕,中,白,1600072352,0,af2e021,38236416651034629,外传女主比正传女主还火系列。
1337.32,普通弹幕,中,白,1600070978,0,1daa28ba,38235696598614021,下一个无敌的已经拄拐杖看孩子了
262.342,普通弹幕,中,白,1600069293,0,1daa28ba,38234812965191687,当麻式提包
15.739,普通弹幕,中,白,1600068728,0,ed5206cf,38234516619264005,ohhhhhh
13.919,普通弹幕,中,白,1600068722,0,ed5206cf,38234513864130565,人气好高
1276.609,普通弹幕,中,白,1600068241,0,e0d0d610,38234261510684677,自己承认了可还行哈哈哈哈
56.821,普通弹幕,中,白,1600061341,0,4dbaeda5,38230644127432709,土～木～工～程
171.505,普通弹幕,中,白,1600059497,0,5596cb2,38229677118062597,哔哩哔哩 (゜-゜)つロ 干杯~
798.61,普通弹幕,中,黄,1600059379,0,c3219a85,38229615116812295,左边：大老师早年培训珍贵视频……
280.74,普通弹幕,中,白,1600058521,0,e0496933,38229165621641219,姨！！！！！！！！
787.373,普通弹幕,中,白,1600057907,0,994e14a,38228843682070531,肉嘟嘟
127.294,普通弹幕,中,白,1600057458,0,a63047c7,38228608065470471,贝蒂声优嘛
359.1,普通弹幕,中,白,1600054024,0,3cb153d,38226807821959173,连个男的都没？
230.02,普通弹幕,中,白,1600053850,0,3cb153d,38226716754706437,没男主吗？
1171.988,普通弹幕,中,白,1600049824,0,9e162d62,38224605602119683,草艾斯？
35.695,普通弹幕,中,白,1600049785,0,157b3ae9,38224585489383431,发现宝藏
469.715,普通弹幕,中,白,1600044595,0,28e380a,38221864480800771,狙击手
1255.961,普通弹幕,中,白,1600041184,0,d5f986c2,38220075858132999,一路走好
1224.296,普通弹幕,中,白,1600041152,0,d5f986c2,38220059246067715,前方高能  劫匪高危
1131.539,普通弹幕,中,白,1600041059,0,d5f986c2,38220010622025735,劫匪快跑
514.702,普通弹幕,中,白,1600040105,0,b5a82400,38219510451273735,危  黑子  危
114.254,普通弹幕,中,白,1600026437,0,41ee58c4,38212344145248263,judgement
730.669,普通弹幕,中,白,1600020404,0,1b32ca73,38209181329129475,黑子是不是和异世界里面的家里蹲同一个声优
141.883,底部弹幕,中,白,1600016878,0,1dfdb6f1,38207332459479043,sjzjzijs
903.391,普通弹幕,中,黄,1600014834,0,3f909d05,38206261067513861,泪爷又一次看错了剧本~~~
257.439,普通弹幕,中,红,1600014536,0,39cd64b4,38206104494145539,哔哩哔哩 - ( ゜- ゜)つロ 乾杯~
166.79,普通弹幕,中,白,1600014443,0,39cd64b4,38206055800897543,哔哩哔哩 - ( ゜- ゜)つロ 乾杯~
1098.317,普通弹幕,中,黄,1600013073,0,3f909d05,38205337769082883,黑子好帅！
179.048,普通弹幕,中,白,1600011583,0,fe99ef0a,38204556415860741,哔哩哔哩( ゜- ゜)つロ乾杯
610.962,底部弹幕,中,红,1600011515,0,865676f9,38204520895873031,恒温死神!
267.816,底部弹幕,中,红,1600011195,0,865676f9,38204353042972677,售货机，危
179.876,普通弹幕,中,白,1600010354,0,c62a79f1,38203912219000837,哔哩哔哩干杯
143.239,普通弹幕,中,白,1600007761,0,e191e580,38202552708235267,哔哩哔哩（゜-゜)つロ 乾杯～～
673.706,普通弹幕,中,白,1600006310,0,32cb4283,38201792011436035,看来这个时候泪爷还没有获得剧本掌握的能力
1374.613,普通弹幕,中,白,1600006242,0,32cb4283,38201756029550597,喜欢泪子
1395.865,普通弹幕,中,白,1600005991,0,32cb4283,38201624450564101,泪子:已攻略
146.168,普通弹幕,中,白,1600005808,0,32cb4283,38201528500092935,这个op最经典了
519.685,普通弹幕,中,白,1600004334,0,c88f4039,38200755693289479,果然还是没了
848.416,普通弹幕,中,白,1600003998,0,5cb802b6,38200579839229959,风暴指挥官
86.218,普通弹幕,中,红,1600003390,0,c7278c24,38200260949966855,高危职业出现
607.939,普通弹幕,中,白,1600002743,0,5b49bc95,38199921772855303,恒温死神
171.851,普通弹幕,中,白,1600002682,0,cc552d0e,38199889528094723,哔哩哔哩 乾杯~
1423.243,普通弹幕,中,白,1600001757,0,db6ba05e,38199405035126787,完结撒花/滑稽
1436.442,普通弹幕,中,白,1600001357,0,11f1b03c,38199195133804547,正片开始
548.337,普通弹幕,中,白,1600001096,0,282bbd8c,38199058144165891,导演和梁一桌。
478.593,普通弹幕,中,白,1600000239,0,f88067f,38198608758046723,摄影师加鸡腿 
31.662,普通弹幕,中,白,1599999670,0,f88067f,38198310764281859,快跑啊，小混混
204.459,普通弹幕,中,白,1599999319,0,a79200fb,38198126611791877,哔哩哔哩 - ( ゜- ゜)つロ 乾杯~
12.119,普通弹幕,中,白,1599998945,0,c80a8dae,38197930422697989,上头
1252.484,普通弹幕,中,白,1599998855,0,fdb18e8e,38197883456454661,危危危危危危危危，
551.621,普通弹幕,中,白,1599998146,0,75e266eb,38197511742554119,有趣
1277.729,普通弹幕,中,白,1599997286,0,3e963ad9,38197060679761923,危危危
152.901,普通弹幕,中,白,1599994769,0,6f7856ae,38195740895346693,。。
1420.583,普通弹幕,中,白,1599993845,0,39cfed0b,38195256712232965,抱抱泪爷
1223.777,普通弹幕,中,白,1599993558,0,39cfed0b,38195106217459715,别啊泪爷
1079.777,普通弹幕,中,白,1599993360,0,39cfed0b,38195002547896325,专业
799.228,普通弹幕,中,白,1599992979,0,39cfed0b,38194802379980807,哈哈哈龙儿
223.16,底部弹幕,中,紫,1599992684,0,20944d9f,38194647920017413,哔哩哔哩 - ( ゜- ゜)つロ 乾杯~
228.299,普通弹幕,中,绿,1599992253,0,2b1aa188,38194422135914501,哔哩哔哩 - ( ゜- ゜)つロ 乾杯~
199.539,普通弹幕,中,白,1599992220,0,2b1aa188,38194404885266437,哔哩哔哩 - ( ゜- ゜)つロ 乾杯~
406.97,普通弹幕,中,白,1599991631,0,6e8d8af7,38194095826403331,这两都到不了LV5
546.214,普通弹幕,中,青,1599991585,0,79fdb7cd,38194071535091715,初春CV配过平泽唯
546.466,普通弹幕,中,青,1599991564,0,79fdb7cd,38194060794527749,干得漂亮！！
181.63,普通弹幕,中,白,1599990910,0,c740d354,38193717987770375,哔哩哔哩干杯
724.809,普通弹幕,中,白,1599989024,0,acee0495,38192728956207107,贝蒂呀
6.588,底部弹幕,中,黄,1599988007,0,c934621,38192195654123525,嗯～嗯～
133.828,普通弹幕,中,白,1599987436,0,dbcd155a,38191896187633669,说什么，最安全的明明是纽约
11.344,普通弹幕,中,白,1599987406,0,7f8853a6,38191880766750725,真实啊这个蝉鸣
891.412,普通弹幕,中,白,1599986288,0,77093ce5,38191294755373061,呱呱太
149.83,普通弹幕,中,白,1599986155,0,a4d68b33,38191224990466051,ohhh
1132.367,普通弹幕,中,白,1599985459,0,39a418fa,38190860034637829,野马分鬃？
171.019,底部弹幕,中,红,1599985255,0,e78cf8c9,38190752918929411,哔哩哔哩( ゜- ゜)つロ乾杯
580.416,普通弹幕,中,白,1599985176,0,a2a41b6c,38190711514857475,黑长直危
528.473,普通弹幕,中,白,1599985107,0,a2a41b6c,38190675471630339,斯卢se
260.121,普通弹幕,中,白,1599984953,0,1352a1b0,38190594867593219,gc
226.619,普通弹幕,中,白,1599984763,0,a2a41b6c,38190494883774467,三连？
241.931,普通弹幕,中,白,1599984097,0,e1d51591,38190145867350021,哔哩哔哩- ( ゜v゜)つロ 乾杯~
388.806,普通弹幕,中,白,1599983541,0,16102e67,38189854276190211,一比较 真是太贫了
278.296,普通弹幕,中,黄,1599981121,0,f6445046,38188585721528323,金坷垃
158.94,普通弹幕,中,白,1599980907,0,99b22ad0,38188473373949955,哔哩哔哩
728.713,底部弹幕,中,红,1599979770,0,7a2ec6ba,38187877529026567,阿博茶
203.699,普通弹幕,中,白,1599978752,0,f32196c0,38187343380742147,哔哩哔哩 乾杯
1154.787,普通弹幕,中,红,1599978430,0,34be2d38,38187174625542147,抢劫的不专业
939.796,普通弹幕,中,黄,1599978407,0,9a06c359,38187162535460869,啊这
812.967,普通弹幕,中,白,1599978261,0,9a06c359,38187085933314051,老女同了黑子
1288.489,普通弹幕,中,紫,1599977384,0,d4fff741,38186626420572167,木原一族该诛
279.353,底部弹幕,中,红,1599977281,0,48b7237f,38186572155715591,李云龙都看见了
169.097,普通弹幕,中,白,1599976159,0,c1216d88,38185984161480707,bibibibi
842.386,普通弹幕,中,蓝,1599975982,0,8d8ae371,38185891405496325,炮姐和黑子是亲姐妹吗
674.663,普通弹幕,中,白,1599975693,0,8d8ae371,38185739611013127,泪爷！剧本拿错了！！！！
147.635,普通弹幕,中,白,1599975649,0,3955035c,38185716852719623,ohhhhhhhh
59.156,普通弹幕,小,黄,1599974929,0,ccb991c7,38185339126284291,钞能力
1001.466,普通弹幕,中,白,1599974581,0,8ce6ba8d,38185156859658245,呱形毕露
56.329,普通弹幕,中,红,1599974351,0,5f1fcb94,38185036182716419,量～子～力～学～
191.758,普通弹幕,中,白,1599973496,0,6a0f76d4,38184588045975559,干杯干杯
187.294,普通弹幕,中,白,1599973482,0,6a0f76d4,38184580424925189, bibi
1139.1,普通弹幕,中,白,1599973455,0,62c07d60,38184566328918021,语言指导，一方通行——下三渣
1245.697,普通弹幕,中,红,1599973346,0,7ad73ffd,38184509481418757,劫匪危
615.877,普通弹幕,中,白,1599972894,0,62c07d60,38184272434561029,教主打得过大爷啊
390.873,普通弹幕,中,黄,1599972213,0,8d8ae371,38183915427987461,白给光子
273.233,普通弹幕,中,蓝,1599972067,0,8d8ae371,38183838638669827,危   贩卖机    危
163.219,普通弹幕,中,白,1599972002,0,f392711,38183804428877831,哔哩哔哩(゜-゜)つロ 乾杯~
223.433,底部弹幕,中,绿,1599971788,0,13a17564,38183692217614339,哔哩哔哩
60.659,普通弹幕,中,蓝,1599971777,0,8d8ae371,38183686509166599,众所周知，学院都市是最安全的地方
211.273,底部弹幕,中,绿,1599971719,0,13a17564,38183656208990211,哔哩哔哩
93.532,底部弹幕,中,红,1599970629,0,c8ef6db3,38183084819480581,judgment意为审判
772.621,普通弹幕,中,黄,1599969497,0,7a7aee32,38182491182858247,电脑配件
742.192,普通弹幕,中,黄,1599969466,0,7a7aee32,38182475230871559,前方高能
534.68,普通弹幕,中,黄,1599969319,0,7a7aee32,38182397825515527,上升气流
1394.577,普通弹幕,中,红,1599967759,0,b0ca0cbf,38181579897962503,上一个无敌的已经秃头了。
69.059,普通弹幕,中,白,1599967637,0,30c50e2a,38181516288720899,打脸
235.249,普通弹幕,中,白,1599967221,0,64eddb1c,38181298087395331,哔哩哔哩
159.009,普通弹幕,中,白,1599966161,0,d665ab44,38180742478954501,哔哩哔哩干杯
253.396,普通弹幕,中,白,1599965841,0,1f6b557f,38180574589878275,碧翠丝？
115.337,普通弹幕,中,白,1599965060,0,4d31f2e3,38180164853039111,。。
251.439,普通弹幕,小,绿,1599964295,0,fdac9832,38179763711377415,哈哈哈哈
239.805,普通弹幕,中,白,1599963464,0,2db3379f,38179328414449669,梦回异世界
739.489,普通弹幕,中,白,1599962545,0,b8fb076d,38178846572806149,可斯柯达萨瓦迪卡
651.349,普通弹幕,中,白,1599962323,0,b8fb076d,38178730159374343,俺门口德克士
628.809,普通弹幕,中,白,1599962292,0,b8fb076d,38178713794248711,m，，，还好还好哈哈哈
210.299,普通弹幕,中,白,1599962195,0,a584299a,38178663064141827,哔哩哔哩
1316.243,普通弹幕,中,白,1599961810,0,f277dc87,38178460937486343,硬---币—
962.68,普通弹幕,中,白,1599961573,0,1ab911a9,38178336604160003,御坂境泽
1011.983,普通弹幕,中,白,1599961098,0,e9808727,38178088021393415,哈哈哈哈失去了梦想
570.856,普通弹幕,中,白,1599961042,0,f277dc87,38178058362421255,猴王直呼内行
393.852,普通弹幕,中,白,1599960468,0,e9808727,38177757717856261,好平哈哈哈
289.089,普通弹幕,中,白,1599960364,0,e9808727,38177702817562631,害怕
147.002,普通弹幕,中,白,1599956352,0,af61cefc,38175599686582277,哔哩哔哩 - ( ゜- ゜)つロ 乾杯~
179.899,普通弹幕,中,白,1599953688,0,5af0ba4e,38174202540851205,哔哩哔哩-(゜-゜)つロ乾杯~
190.146,普通弹幕,中,红,1599953563,0,d683baf1,38174137335676935,哔哩哔哩 - (゜- ゜)つロ 乾杯~
190.146,普通弹幕,中,红,1599953556,0,d683baf1,38174133447557125,哔哩哔哩 - (゜- ゜)つロ 乾杯~
190.146,普通弹幕,中,红,1599953548,0,d683baf1,38174129435181063,哔哩哔哩 - (゜- ゜)つロ 乾杯~
663.26,普通弹幕,中,棕,1599953303,0,f2baf875,38174000829431811,男主怎么还没出现？
237.513,普通弹幕,中,白,1599945037,0,b6bcffe2,38169667263004679,哔哩哔哩- ( ゜- ゜)つロ 乾杯~
923.713,底部弹幕,中,红,1599936475,0,621264af,38165178283458563,兵长视角
1419.09,底部弹幕,中,粉,1599932734,0,c2bf98b6,38163217015898117,电击是会上瘾的，而且会更加强烈的想被电，有做过实验的，怪不得她妹妹一直缠着她，
1245.951,普通弹幕,中,白,1599931629,0,19e7b0f8,38162637692862469,路走窄了啊，兄弟
593.3,普通弹幕,中,白,1599931000,0,19e7b0f8,38162307600089093,恒温死神真是太谦虚了
1424.537,普通弹幕,中,黄,1599930550,0,146ab2be,38162071591845891,杜王町
122.282,普通弹幕,中,白,1599929770,0,16be4c4f,38161663044091907,有男主吗
187.052,普通弹幕,中,白,1599928327,0,6c85984f,38160906385883141,天啦又看一遍
1197.179,普通弹幕,中,白,1599927307,0,b384f7ee,38160371526664195,动作指导：佩恩
1193.369,普通弹幕,中,白,1599925880,0,9625aae2,38159623150632967,动作指导：芝顿
1140.812,普通弹幕,中,白,1599925827,0,9625aae2,38159595380670467,为什么打警策看取的时候没这么强的体术
1396.685,普通弹幕,中,白,1599925577,0,6f3b93be,38159464365817863,真帅
683.134,普通弹幕,中,白,1599925406,0,9625aae2,38159375032385543,小虎牙
802.338,普通弹幕,中,白,1599924425,0,b02d9000,38158860415401987,百合百合
234.268,底部弹幕,中,红,1599923823,0,c3d28ad2,38158544823386119,哔哩哩哔
64.971,普通弹幕,中,白,1599923743,0,36a80105,38158502839975941,大人时代变了
58.892,普通弹幕,中,白,1599923729,0,36a80105,38158495850692615,不是吧都5g时代了还有人用超能力？
1187.737,普通弹幕,中,白,1599923301,0,e358d357,38158271130894407,传送使？
1159.354,普通弹幕,中,白,1599922702,0,500725c5,38157957212405763,撒苏丽
110.424,普通弹幕,中,白,1599922533,0,e358d357,38157868582567939,碧翠丝的声音
1396.795,普通弹幕,中,白,1599922255,0,abb4866d,38157722660634631,上一个无敌的还在循环死亡
1261.19,普通弹幕,中,黄,1599920994,0,9ecd97ed,38157061552865287,千鸟
1193.751,普通弹幕,中,黄,1599920866,0,9ecd97ed,38156994764341253,求道玉的错误用法
494.734,底部弹幕,中,黄,1599920773,0,eaf54148,38156945601855493,一库一库
154.444,普通弹幕,中,白,1599920633,0,683a215b,38156872332607491,正片开始
1196.448,普通弹幕,中,白,1599920413,0,a3dd41d5,38156757179039749, 太帅了
1345.129,普通弹幕,中,白,1599920400,0,1ee33b87,38156750069694471,上一个无敌已经扑街了
1322.637,普通弹幕,中,白,1599920319,0,3b4f1dc6,38156707604987911,斯国一
1064.468,普通弹幕,中,白,1599920170,0,a6daed5b,38156629807464453,前方高能
487.566,普通弹幕,中,黄,1599920015,0,9ecd97ed,38156548480434181,干好事
607.902,底部弹幕,中,红,1599917382,0,33a24543,38155168174833669,Lv6 上升气流
1178.256,普通弹幕,中,白,1599917062,0,2b55de8a,38155000395333639,草稚京：哦帝噶，阿纳些
231.931,底部弹幕,中,橙,1599916022,0,6f65a398,38154455094394885,哔哩哔哩 - ( ゜- ゜)つロ 乾杯~
217.922,普通弹幕,中,橙,1599916008,0,6f65a398,38154447737061379,哔哩哔哩 - ( ゜- ゜)つロ 乾杯~
189.87,普通弹幕,中,白,1599915980,0,6f65a398,38154433043365893,哔哩哔哩 - ( ゜- ゜)つロ 乾杯~
209.359,底部弹幕,中,红,1599915846,0,2d7c1c8a,38154362783531013,哔哩哔哩- ( ゜- ゜)つロ 乾杯~
271.442,普通弹幕,中,白,1599915794,0,7a78af74,38154335553585157,危   贩卖机  危
257.597,普通弹幕,中,白,1599915751,0,7a78af74,38154313056387077,（普通）
177.384,普通弹幕,中,白,1599915274,0,7a78af74,38154062750285829,哔哩哔哩
443.021,普通弹幕,中,红,1599914361,0,5bd65f39,38153584377856007,曾正：哦？
112.779,普通弹幕,中,白,1599914077,0,3ee0804a,38153435386216451,爷爱了~
1316.496,普通弹幕,中,白,1599913661,0,73836171,38153217093140487,罚款500
1075.376,普通弹幕,中,白,1599913380,0,73836171,38153069827981319,请停止柯南行为
1332.897,普通弹幕,中,红,1599913286,0,8f54fd6c,38153020284862471,该投币了兄弟们
153.881,普通弹幕,中,白,1599913178,0,a5f0a4f1,38152963727294469,哔哩哔哩(゜-゜)つロ 乾杯~
148.616,普通弹幕,中,白,1599913072,0,2b98c0b5,38152908304285703,billbill万岁
209.465,普通弹幕,中,白,1599912208,0,5e532f7,38152455436894275,哔哩哔哩干杯
228.194,普通弹幕,中,红,1599911736,0,15af0749,38152207707668483,哔哩哔哩 - ( ゜- ゜)つロ 乾杯~
910.94,普通弹幕,中,绿,1599911211,0,4d568dc4,38151932542976007,男主呱太登场
65.72,普通弹幕,中,白,1599910925,0,804e4f25,38151782780633095,CATIA
630.92,底部弹幕,中,黄,1599910656,0,983a66fd,38151641834192965,滑滑蛋xswl
231.429,普通弹幕,中,白,1599910491,0,4a5145a5,38151555323002885,哔哩哔哩 - ( ゜- ゜)つロ 乾杯~
121.193,底部弹幕,中,红,1599910114,0,983a66fd,38151357485547527,还有冬木市
170.582,普通弹幕,中,白,1599910034,0,d2091d59,38151315667812359,哔哩哔哩-(゜-゜)つロ乾杯~
1100.393,普通弹幕,中,白,1599909546,0,b684e1e,38151059626000389,万恶的安全裤
1345.583,普通弹幕,中,白,1599907978,0,2947f0d1,38150237520396355,有没有一方大爷
1255.762,普通弹幕,中,白,1599907772,0,a8df76b2,38150129488756739,sa youlala
1392.756,普通弹幕,中,白,1599907607,0,943b33bd,38150043174699015,天上的卡兹不说话
1298.051,普通弹幕,中,红,1599907413,0,74a779e7,38149941177614343,拆迁大队直呼内行
939.818,普通弹幕,中,红,1599906728,0,74a779e7,38149582459764741,这里白井黑子卡哇伊~
440.452,底部弹幕,中,红,1599906266,0,15efefa2,38149339934097415,菲律宾炸鱼队
175.187,普通弹幕,中,白,1599904274,0,9c1cf2f6,38148295352123397,干杯
118.277,普通弹幕,中,白,1599903212,0,724a838a,38147738714505219,是re0里贝蒂的声优啦
198.034,普通弹幕,中,白,1599903113,0,76c0f3ed,38147687044349959,哔哩哔哩 - ( ゜- ゜)つロ 乾杯~
627.177,普通弹幕,中,白,1599902518,0,c44d0e0,38147374746959877,滑滑蛋
486.233,普通弹幕,中,白,1599901250,0,d718a5fc,38146709937717255,想看大爷
472.857,普通弹幕,中,白,1599901236,0,d718a5fc,38146702921695239,没有大爷吗
364.25,普通弹幕,中,白,1599900653,0,28c47216,38146397453680647,瞬移距离78m
800.718,普通弹幕,中,白,1599900553,0,e8dd4e7e,38146344831418375,高坂龙儿觉得很赞
190.24,普通弹幕,中,白,1599900270,0,f560d88c,38146196625686531,哔哩哔哩(゜-゜)つロ乾杯~
895.222,底部弹幕,中,红,1599900206,0,b860ef10,38146162975834119,塞班?
279.529,普通弹幕,中,白,1599899709,0,7ad73ffd,38145902371667975,就是贝蒂的配音
905.765,普通弹幕,中,白,1599899147,0,a77495f9,38145607817756675,呆唯狂喜
519.19,普通弹幕,中,白,1599898200,0,4ebe4073,38145111110451203,这个地方其实改了，懂得自然懂
6.057,普通弹幕,中,白,1599898050,0,5e2e2a4a,38145032208777221,hhh
483.217,普通弹幕,中,白,1599897220,0,69be2ad8,38144597436661765,下次丕定
173.839,普通弹幕,中,白,1599896879,0,69be2ad8,38144418381299715,哔哩哔哩（゜-゜)つロ 乾杯～～
171.219,普通弹幕,中,白,1599895252,0,d30fadb4,38143565745356867,炮爷出击！
219.242,普通弹幕,中,白,1599894950,0,110b7d68,38143407141421059,耳朵怀孕了
154.908,普通弹幕,中,白,1599894709,0,af9b1573,38143280671096839,哔哩哔哩哔哩哔哩
1100.521,普通弹幕,中,绿,1599894639,0,9d59b35c,38143243901206535,裙子是有口袋的
202.66,底部弹幕,中,蓝,1599894617,0,bd0511f8,38143232341180419,哔哩哔哩-(゜-゜)つロ乾杯~
46.66,普通弹幕,中,白,1599894570,0,af9b1573,38143207905689603,暗示学生是实验品
185.673,普通弹幕,中,白,1599893542,0,62bc1a09,38142669087047687,画画的北北
930.467,普通弹幕,中,黄,1599892188,0,68b6f629,38141959018119173,呱呱太
552.65,普通弹幕,中,白,1599891583,0,2fde4511,38141642057187331,细节脸红
109.961,普通弹幕,中,白,1599891479,0,39aafc24,38141587532808199,碧翠丝！
0.083,普通弹幕,中,白,1599890557,0,fdf7e847,38141103826796549,yan
1244.237,普通弹幕,中,红,1599890136,0,b1e57424,38140883305496583,危危危
231.22,底部弹幕,中,紫,1599889896,0,dc5f0905,38140757421850631,哔哩哔哩-(゜-゜)つロ乾杯~
156.779,底部弹幕,中,淡蓝,1599889818,0,dc5f0905,38140716413091843,哔哩哔哩-(゜-゜)つロ乾杯~
542.436,普通弹幕,中,白,1599889144,0,2ea1ab11,38140363412602883,哈哈哈哈
443.284,普通弹幕,中,白,1599888227,0,31fa6117,38139882194337799,黑子是妄想学生会的记者
69.836,普通弹幕,中,蓝,1599887779,0,21d3a647,38139647615303685,光速打脸
67.467,普通弹幕,中,白,1599887767,0,21d3a647,38139641189629957,光速打脸
221.201,普通弹幕,中,白,1599886653,0,ab6f2591,38139057225072643,哔哩哔哩 (゜-゜)つロ 干杯~
71.24,普通弹幕,中,白,1599886545,0,b7b7c1e5,38139000269570051,“安心”
1250.516,底部弹幕,中,红,1599886410,0,91222ffe,38138929493835779,危危危危危
774.121,普通弹幕,中,白,1599885837,0,c0b3fb0f,38138629225709575,电脑配件
197.926,普通弹幕,中,白,1599885615,0,cfea21be,38138513180852291,哔哩哔哩(゜-゜)つロ 干杯~
196.711,普通弹幕,中,白,1599885588,0,c16e80bf,38138498797535235,哔哩哔哩 - ( ゜- ゜)つロ 乾杯~ 
380.446,普通弹幕,中,白,1599885144,0,a52a61e1,38138265989021699,一血光子
1324.986,底部弹幕,中,黄,1599884843,0,1d476cd5,38138108239675397,小孩赚了
19.549,普通弹幕,中,白,1599884721,0,de11640f,38138043992899587,。。
8.671,普通弹幕,中,白,1599884710,0,de11640f,38138038291791879,。。。
4.153,普通弹幕,中,白,1599884705,0,de11640f,38138035930923013,。。。
943.495,底部弹幕,中,绿,1599884131,0,1d476cd5,38137734634668037,孤寡孤寡
85.055,底部弹幕,中,白,1599883668,0,91222ffe,38137492035076099,安    全
454.522,底部弹幕,中,青,1599883451,0,1d476cd5,38137378616901635,暗示投币
550.11,普通弹幕,中,白,1599882481,0,43c278d7,38136869656461315,哈哈，那两个男生，脸红了，都看到了啥？
1005.367,普通弹幕,中,白,1599882274,0,82fe07ec,38136761529925637,瓜形毕露
1388.23,底部弹幕,中,绿,1599880384,0,af0d1fc5,38135770273284099,天上的卡兹不说话
201.013,普通弹幕,中,白,1599879269,0,de6b0ef9,38135186051825671,哔哩哔哩 - ( ゜- ゜)つロ 乾杯~
1342.003,底部弹幕,中,红,1599879225,0,1296f077,38135162620346375,上一个无敌的吃了十年糊了的拉面
66.666,普通弹幕,中,红,1599879130,0,43c278d7,38135113003827207,安全
19.818,普通弹幕,中,红,1599879071,0,43c278d7,38135081778282499,危  小混混  危
771.475,普通弹幕,中,白,1599878445,0,735aec7,38134754037989379,哈哈哈哈哈xswl
209.512,普通弹幕,中,白,1599877998,0,7323e34a,38134519585308677,哔哩哔哩( ゜- ゜)つロ乾杯
642.26,普通弹幕,中,白,1599876413,0,4eaea4c7,38133688226021379,亚梦
451.486,普通弹幕,中,白,1599873662,0,2b7623a4,38132246248423431,常盘台的王牌：最强人类
230.414,普通弹幕,中,白,1599872261,0,a6f78e63,38131511829463047,哔哩哔哩 - ( ゜- ゜)つロ 乾杯~
71.221,普通弹幕,中,白,1599870247,0,4da69520,38130455854710789,钞能力
270.912,普通弹幕,中,白,1599869787,0,fdc7588f,38130214597296133,姐姐大人!
999.849,普通弹幕,中,白,1599868342,0,f1b5df5c,38129457097080837,此时一个LV5失去了梦想
1079.293,底部弹幕,中,红,1599868088,0,37e23d12,38129323802099715,危 劫匪 危
1066.336,普通弹幕,中,白,1599868015,0,37e23d12,38129285295243269,姐控
233.143,底部弹幕,中,粉,1599867370,0,4b8972dc,38128947247972355,平静的bgm ?  killer queen
241.813,普通弹幕,中,白,1599866861,0,9cf11a5b,38128680268464133,judgment
224.679,普通弹幕,中,白,1599865362,0,639fa94d,38127894476095495,哔哩哔哩 - (゜- ゜)つロ 乾杯~
1392.681,普通弹幕,中,白,1599865017,0,da259679,38127713499217925,上一个无敌的已经停止思考了
133.988,普通弹幕,中,白,1599864701,0,7edabc39,38127548138258439,姐姐大人？
20.477,普通弹幕,中,红,1599861885,0,9fe5a852,38126071736434695,前方血腥
188.98,普通弹幕,中,白,1599859127,0,a57777b9,38124625630068739,哈哈哈
1246.194,普通弹幕,中,白,1599851600,0,62b05cf2,38120679269728261,劫匪兄一路走好
1312.757,普通弹幕,中,白,1599848230,0,4efa262e,38118912572784645,上一个无敌的已经死在上一个世界了
1230.84,普通弹幕,中,白,1599848114,0,4efa262e,38118851693510661,波纹疾走
1186.046,普通弹幕,中,黄,1599846114,0,b63019bf,38117802791927815,瞬身之术
472.524,普通弹幕,中,白,1599845669,0,b63019bf,38117569722318851,绅士们集合啦
955.821,普通弹幕,中,白,1599845115,0,1aece0af,38117279248416775,夏娜
33.158,普通弹幕,中,白,1599844957,0,300c8cef,38117196497944581,最安全的城市
1390.52,普通弹幕,中,白,1599844100,0,e6b9b67c,38116747022696455,上一个无敌的是个虚拟人
461.523,普通弹幕,中,白,1599843836,0,b4869c85,38116608740687879,下次一定的给他打飞
215.406,普通弹幕,中,红,1599843551,0,4b2d0f50,38116459077959687,雅蠛路~
223.19,普通弹幕,中,白,1599842212,0,cc386e18,38115757130776581,哔哩哔哩乾杯
1.316,普通弹幕,中,白,1599841476,0,f6252c47,38115371561517059,OP了；‘【
191.844,普通弹幕,中,白,1599839008,0,bbd78fe1,38114077317267463,哔哩哔哩( ゜ -゜)つロ 乾杯~
475.078,普通弹幕,中,白,1599837909,0,2d899b4c,38113501072850951,哇哇塞
455.338,普通弹幕,中,白,1599837881,0,2d899b4c,38113486612987907,这是暗示投币吗
69.075,普通弹幕,中,白,1599834708,0,cbed3e51,38111823158837255,哈哈
175.599,普通弹幕,中,白,1599834481,0,2f07e3a7,38111703840849923,哔哩哔哩亁杯
535.582,底部弹幕,中,黄,1599833680,0,d919deac,38111284277805059,前方上升气流
494.342,底部弹幕,中,黄,1599833628,0,d919deac,38111256561319941,摄影师晚上吃灯光师
1080.361,普通弹幕,中,白,1599832829,0,2b501acd,38110837951954951,劫——匪——
1302.722,普通弹幕,中,白,1599832744,0,f2441e20,38110793158361095,下次一定
940.737,普通弹幕,中,白,1599832663,0,2b501acd,38110750853038083,呱呱呱！
212.94,普通弹幕,中,白,1599832541,0,21eb9c07,38110687100141573,哔哩哔哩-(゜-゜)つロ乾杯~
639.171,普通弹幕,中,白,1599831354,0,2b501acd,38110064452567047,hop
654.225,普通弹幕,中,白,1599830848,0,c3c87e5b,38109799110410245,泪爷，永远的神
216.705,底部弹幕,中,紫,1599830475,0,f66d11a6,38109603450322947,哔哩哔哩 (゜-゜)つロ 干杯~
191.81,普通弹幕,中,紫,1599830450,0,f66d11a6,38109590372483075,哔哩哔哩 (゜-゜)つロ 干杯~
886.943,普通弹幕,中,白,1599829446,0,d082adb8,38109063957970951,贝蒂
152.469,普通弹幕,中,白,1599827949,0,4b12d810,38108279492575235,哔哩哔哩( ゜- ゜)つロ 乾杯
738.85,普通弹幕,中,白,1599827173,0,228ea0fb,38107872574832643,前方高能
184.902,普通弹幕,中,白,1599827033,0,683a9006,38107799015653383,哔哩哔哩(゜-゜)つロ 杯~
769.801,普通弹幕,中,白,1599826919,0,683a9006,38107739301871619,电脑配件
1093.621,普通弹幕,中,白,1599826302,0,fe2eeea,38107415789436933,劫匪快跑
207.995,普通弹幕,中,白,1599825617,0,1f3501b5,38107056593960965,好听
123.656,普通弹幕,中,白,1599825514,0,1f3501b5,38107002877509639,贝蒂？
690.095,普通弹幕,中,白,1599824368,0,f3b81601,38106401729413123,最早期的炮姐比较霸道（没经历过大风大浪）
1183.699,普通弹幕,中,红,1599819077,0,a8dfc6d0,38103627601018883,末影人表示很淦
240.932,普通弹幕,中,白,1599818074,0,48269954,38103102056824839,哔哩哔哩 - ( ゜- ゜)つロ 乾杯~ 
1253.576,普通弹幕,中,白,1599816900,0,19fa4340,38102486258548741,为什么不能好好活着
498.318,底部弹幕,中,红,1599815758,0,3443e0e0,38101887978831879,妹子们也出来吧，别藏着了
570.169,普通弹幕,中,白,1599815153,0,a36897dc,38101570414444547,黑铁一辉行为
5.14,底部弹幕,中,红,1599813576,0,e36de184,38100743564034053,不对劲
25.572,普通弹幕,中,白,1599812233,0,137ca485,38100039808057351,不敢开了
668.733,普通弹幕,中,白,1599810866,0,f0e4bd92,38099322703708163,才发现是呆唯啊
160.819,普通弹幕,中,白,1599807589,0,f43a1339,38097604900290565,bili bili
169.785,普通弹幕,中,白,1599806142,0,4e41ec7d,38096846305361925,bilibili- ( ゜- ゜)つロ 乾杯~
1202.915,普通弹幕,中,淡蓝,1599805427,0,1f35a1e5,38096471407984647,爱了爱了
1077.053,普通弹幕,中,白,1599802875,0,370dbf46,38095133163913219,艺术就是爆炸
903.14,普通弹幕,中,绿,1599801062,0,d282427e,38094182778142727,呱汰
26.696,底部弹幕,中,红,1599800389,0,20ca0a35,38093829766119429,首尾呼应！
186.242,普通弹幕,中,白,1599800088,0,82a18121,38093672266334213,哔哩哔哩 - ( ゜- ゜)つロ 乾杯~
184.78,普通弹幕,中,白,1599799956,0,700d212a,38093602915090439,哔哩哔哩干杯！
1231.857,底部弹幕,中,深蓝,1599797130,0,90781573,38092121193316355,大乔的声优啊啊啊
1202.841,普通弹幕,中,白,1599796379,0,8f9a1e50,38091727433105413,虫洞运算技术
14.339,普通弹幕,中,白,1599789786,0,1a799788,38088270768242693,炮姐永远滴神
1083.844,普通弹幕,中,红,1599785042,0,ec709bec,38085783609933831,危  劫匪  危
908.804,普通弹幕,中,红,1599784807,0,ec709bec,38085660255977477,呱太
41.746,普通弹幕,中,白,1599784097,0,e6ec2e1e,38085288468152327,梦开始的地方
166.569,普通弹幕,中,红,1599778283,0,af2d7a4e,38082240115638279,哔哩哔哩
116.027,普通弹幕,中,白,1599772780,0,3d32e6f0,38079354818265095,贝蒂
989.894,普通弹幕,中,白,1599756838,0,1f07a85,38070996595376195,此时一只傲娇炮失去了梦想
144.934,普通弹幕,中,白,1599754360,0,a9c091e5,38069697533444101,哔哩哔哩 - (゜- ゜)つロ 乾杯~
1108.653,普通弹幕,中,白,1599751285,0,4116b853,38068085102477315,jo番塔罗牌—judgment
404.948,普通弹幕,中,白,1599750819,0,24a7399f,38067840978255875,紬壮壮的声优
510.026,普通弹幕,中,红,1599748959,0,ec709bec,38066865927356419,悲伤的故事
463.634,普通弹幕,中,红,1599748905,0,ec709bec,38066837766275079,暗示投币
274.242,普通弹幕,中,红,1599748712,0,ec709bec,38066736264118279,危  贩卖机  危
92.72,普通弹幕,中,红,1599748527,0,ec709bec,38066639555526663,好安全
18.745,普通弹幕,中,红,1599746230,0,f5fe8d0a,38065435067809795,哈哈哈
121.648,底部弹幕,中,粉,1599745167,0,ad5d763b,38064877697236997,真的是贝蒂吗
463.577,底部弹幕,中,黄,1599744126,0,fe4f3a08,38064332132057095,这就是投币的由来
946.058,普通弹幕,中,白,1599744016,0,38e12fe8,38064274498650117,孤寡孤寡孤寡孤寡~
1309.452,底部弹幕,中,粉,1599743955,0,ff4f4e27,38064242212470789,电击小子直呼内行
135.42,底部弹幕,中,黄,1599743693,0,fe4f3a08,38064104952823815,前方高能
131.179,底部弹幕,中,黄,1599743682,0,fe4f3a08,38064099216064515,前方世纪高能
555.119,普通弹幕,中,白,1599743001,0,66b15db,38063742183276551,猛男必看
125.491,普通弹幕,中,白,1599742872,0,8a252570,38063674204094469,贝蒂
344.292,普通弹幕,中,白,1599742843,0,66b15db,38063659080482819,这部番里就没有男主
186.06,普通弹幕,中,粉,1599742624,0,22c58a92,38063544411881477,哔哩哔哩( ゜- ゜)つロ乾杯
179.978,普通弹幕,中,白,1599739725,0,1e83a173,38062024346828803,( ゜- ゜)つロ bilibili- 乾杯~
615.368,普通弹幕,中,白,1599739464,0,a9612828,38061887788679171,要看男主的去魔禁看，这里是讲炮姐的
242.638,普通弹幕,中,白,1599737372,0,9a22f877,38060790933618693,碧翠丝？？
799.078,普通弹幕,中,白,1599736022,0,751c7ae,38060083050446855,龙儿
766.675,普通弹幕,中,白,1599735289,0,bfae5fd4,38059699037274117,电脑配件
231.709,普通弹幕,中,白,1599734618,0,780d41fd,38059346774458375,降落还算精准
164.499,普通弹幕,中,白,1599734568,0,780d41fd,38059320760336387,哔哩哔哩( ゜- ゜)つロ乾杯
1037.497,普通弹幕,中,黄,1599733968,0,e6da3074,38059006272995333,猿形毕露
232.271,普通弹幕,中,深蓝,1599733532,0,223d7085,38058777596919811,哔哩哔哩 (゜-゜)つロ 干杯~
192.423,普通弹幕,中,白,1599733489,0,223d7085,38058754980184069,哔哩哔哩 (゜-゜)つロ 干杯~
581.161,普通弹幕,中,黄,1599733408,0,e6da3074,38058712773951491,俺也一样
118.071,普通弹幕,中,白,1599733248,0,f94120cd,38058628613144647,贝蒂
196.059,普通弹幕,中,白,1599732383,0,6836cc64,38058175061557253,哔哩哔哩干杯
1355.832,普通弹幕,中,白,1599730532,0,b3e7c1a3,38057204748648455,感觉就是泪子保护孩子的行为让美琴对她刮目相看
182.719,普通弹幕,中,白,1599729298,0,522b79c7,38056557762576387,bilibili- ( ゜- ゜)つロ 乾杯~
198.904,普通弹幕,中,白,1599726479,0,295d0c8d,38055079953563653,有男主美
158.802,普通弹幕,中,白,1599721343,0,bf222a4c,38052386892677127,bilibili- ( ゜- ゜)つロ 乾杯~
299.645,底部弹幕,中,黄,1599717920,0,82e7662f,38050592436781063,土御门舞夏专属坐骑
660.147,普通弹幕,中,白,1599715977,0,b4a06aeb,38049573729992711,？JK不就是日本校服吗
149.25,普通弹幕,中,白,1599715930,0,aa5a2baf,38049549025017861,哔哩哔哩 (゜-゜)つロ 干杯~
1282.709,底部弹幕,中,白,1599714388,0,c3eb73ba,38048740830871555,大爷：？？？
218.451,普通弹幕,中,白,1599712478,0,22e9727a,38047739305000965,哔哩哔哩 (゜-゜)つロ 干杯~
574.697,普通弹幕,中,白,1599711810,0,c3f33122,38047388964749315,这是外传
1005.181,普通弹幕,中,红,1599710297,0,f69545db,38046595961847813,失去了一个亿
1329.213,普通弹幕,中,白,1599708441,0,cfb28501,38045622503211013,天上的卡兹不说话
369.746,普通弹幕,中,白,1599707520,0,213ae584,38045139665944583,没有南校吗
1293.926,普通弹幕,中,白,1599707504,0,ae9faf61,38045131696766981,安全裤公主
1421.967,普通弹幕,中,白,1599706461,0,5b131ac0,38044584837120003,十万伏特
158.986,普通弹幕,中,白,1599706199,0,47b186a6,38044447455313927,亲儿子啊超炮
909.767,普通弹幕,中,白,1599705934,0,5b131ac0,38044308602355715,孤寡孤寡
863.327,普通弹幕,中,白,1599705877,0,5b131ac0,38044278708502535,好听就是好头
1388.711,普通弹幕,中,白,1599704481,0,c227713e,38043546601652227,天爷从此就开始追逐能力了
1248.276,普通弹幕,中,白,1599704319,0,c227713e,38043461659656199,一大落下、
1409.295,普通弹幕,中,白,1599704072,0,4697a18b,38043331916201989,上一个无敌的已经开了白翼和黑翼
182.18,普通弹幕,中,白,1599701934,0,c227713e,38042211244310535,哔哩哔哩 干杯
190.678,普通弹幕,中,白,1599672071,0,34563ee7,38026554580664327,哔哩哔哩
189.708,普通弹幕,中,白,1599665979,0,37e23d12,38023360383287303,bilibili- ( ゜- ゜)つロ 乾杯~
996.722,底部弹幕,中,红,1599665482,0,833e41d0,38023099695759365,有当妈那味了
608.934,底部弹幕,中,红,1599664890,0,833e41d0,38022789724635143,上天组合，最强组合没有之一
381.114,底部弹幕,中,红,1599664630,0,833e41d0,38022653293363205,一血光子，永远滴神！！！！
205.76,普通弹幕,中,白,1599664405,0,3d4a970c,38022535093157893,哔哩哔哩-((╯3╰)冒充
193.246,底部弹幕,中,红,1599663202,0,5a47b9c5,38021904399859719,哔哩哔哩 - ( ゜- ゜)つロ 乾杯~
565.671,普通弹幕,中,白,1599662109,0,b33100f0,38021331512459267,官方狙击手，最为了
1251.181,普通弹幕,中,红,1599659926,0,2b723b7,38020186912063491,危危危危危
168.245,底部弹幕,中,粉,1599659638,0,3e44cff4,38020036174544899,哔哩哔哩 - ( ゜- ゜)つロ 乾杯~
241.078,普通弹幕,中,白,1599658276,0,2483426b,38019321875660803,片头曲叫什么殷文瑜
183.738,底部弹幕,中,粉,1599657933,0,dd259a88,38019141980913671,哔哩哔哩( ゜- ゜)つロ乾杯
625.272,普通弹幕,中,白,1599656134,0,d0853646,38018198564503557,没能力的能进学园都市都是因为他们是神
224.738,底部弹幕,中,白,1599655134,0,23b0a52c,38017674534977543,哔哩哔哩 - ( ゜- ゜)つロ 乾杯~
208.226,普通弹幕,中,白,1599655117,0,23b0a52c,38017665432813573,哔哩哔哩 - ( ゜- ゜)つロ 乾杯~
497.545,普通弹幕,中,白,1599655063,0,b21e5d7f,38017637205147653,前方高能
590.292,普通弹幕,中,白,1599653295,0,c6beea5d,38016710367248391,男主呢
1398.99,普通弹幕,中,白,1599649621,0,bcd8a758,38014784336035847,上一个无敌的已经获得了时停
284.773,普通弹幕,中,白,1599649558,0,4f1fd991,38014751015960579,炊事班那个流弊了
671.021,底部弹幕,中,白,1599649508,0,4dc15c97,38014724752801797,不不不，泪爷看了女王的剧本【doge】
951.084,普通弹幕,中,白,1599649262,0,412c933,38014596095148037,红红火火恍恍惚惚
371.901,普通弹幕,中,白,1599649155,0,4dc15c97,38014539872075781,54偏差挺大的了，那些说黑子结标秒一方的看着点
552.943,普通弹幕,中,白,1599647458,0,bf4ce2b9,38013649928847365,在这里，男生是稀有动物吗
178.349,普通弹幕,中,白,1599645519,0,7f435583,38012633534169093,哔哩哔哩擀杯
223.753,普通弹幕,中,白,1599645485,0,ecc6847c,38012615829487619,哔哩哔哩 (゜-゜)つロ 干杯~
1186.004,底部弹幕,中,黄,1599644844,0,4fe6d2eb,38012279786045447,波风黑子
511.615,底部弹幕,中,黄,1599643978,0,4fe6d2eb,38011825331634179,真是个悲伤的故事
187.796,普通弹幕,中,白,1599638238,0,3e49535b,38008816250912773,哔哩哔哩
1271.58,普通弹幕,中,白,1599635824,0,12805909,38007550720868359,一个用生命解说的混混
162.347,普通弹幕,中,白,1599635577,0,193e7ccf,38007421011492871,Op
1107.65,普通弹幕,中,白,1599635509,0,12805909,38007385267109893,小混混在这个世界是个危险职业
1249.642,普通弹幕,中,红,1599633594,0,a4ddc61d,38006381388759043,危危危
1385.552,底部弹幕,中,红,1599633192,0,2485904d,38006170410549255,上一个无敌的还在医院
324.676,普通弹幕,中,白,1599631988,0,908c56b9,38005539275276291,卓别林、、
1399.746,底部弹幕,中,红,1599629790,0,67e8a9b5,38004386950545413,杜王町
94.113,普通弹幕,中,白,1599629669,0,12805909,38004323697295365,小混混真是一个悲惨职业
674.149,普通弹幕,中,白,1599629144,0,8d0fae0c,38004048164552771,在魔禁里倒是这样是没错
1193.877,普通弹幕,中,白,1599626252,0,c4034ed2,38002532139663365,佩恩直呼内行
1095.489,普通弹幕,中,白,1599624990,0,823d773f,38001870204043267,那是口袋
960.249,普通弹幕,中,白,1599624847,0,823d773f,38001795420127237,这是刚开始公交上的
1477.661,普通弹幕,中,红,1599621872,0,e5d7ac87,38000235563188231,诈尸
17.105,普通弹幕,中,白,1599621484,0,f2488bff,38000032292012037,梦开始的地方
93.4,普通弹幕,中,红,1599620796,0,e5d7ac87,37999671672569863,安.全
59.199,普通弹幕,中,白,1599620762,0,e5d7ac87,37999653935906819,超能力~
4.985,普通弹幕,中,白,1599620703,0,e5d7ac87,37999622571950085,刚开始
1369.262,底部弹幕,中,黄,1599617792,0,9d92da04,37998096432496647,上一个无敌的已经去当女仆了
455.904,底部弹幕,中,黄,1599616845,0,9d92da04,37997600277790725,下次一定
181.622,普通弹幕,中,白,1599612714,0,158523b5,37995434318757891,哔哩哔哩 (゜-゜)つロ 干杯~
196.499,普通弹幕,中,白,1599605461,0,260a5021,37991631776382981,哔哩哔哩干杯
63.721,底部弹幕,中,红,1599600585,0,7dd841b3,37989075108495365,C++
1393.769,普通弹幕,中,白,1599588780,0,9033b1dd,37982885866110981,攻略完成
169.147,普通弹幕,中,白,1599587138,0,af7f2e56,37982025168191491,哔哩哔哩
1099.028,普通弹幕,中,白,1599582277,0,f45daadc,37979476515094531,贝蒂？
1242.829,普通弹幕,中,黄,1599581471,0,97f5ab7a,37979054071611397,名场面
380.973,底部弹幕,中,黄,1599576297,0,b6d8df93,37976341402353667,动作指导：小玉
699.856,普通弹幕,中,黄,1599576239,0,1d387e49,37976310715252743,泪子的技能就是偷看剧本
627.51,普通弹幕,中,黄,1599576159,0,1d387e49,37976269148127239,幻想御手！
554.353,普通弹幕,中,黄,1599576080,0,1d387e49,37976227657547783,那俩男的脸红啥
511.383,普通弹幕,中,黄,1599575989,0,1d387e49,37976179953106949,限速四十啊喂！超速罚款！
493.479,普通弹幕,中,黄,1599575946,0,1d387e49,37976157318021127,前方高能！再次提醒！
464.727,普通弹幕,中,白,1599575866,0,1d387e49,37976115208257539,暗示投币
458.098,普通弹幕,中,白,1599575850,0,1d387e49,37976106984800263,这是在暗示投币的起源吗？
284.513,普通弹幕,中,白,1599575645,0,1d387e49,37975999493701637,狙击手毙了吧
273.594,普通弹幕,中,白,1599575587,0,1d387e49,37975969054064645,贩卖机走好~
29.179,普通弹幕,中,白,1599575525,0,2b2aac32,37975936564985859,祖傳小混混
208.657,普通弹幕,中,白,1599574508,0,ad838f09,37975403364614151,哔哩哔哩 - (゜- ゜)つロ 乾杯~
195.391,普通弹幕,中,白,1599572900,0,6206ab8c,37974560031113223,哔哩哔哩干杯
708.044,底部弹幕,中,白,1599570212,0,58235e63,37973150913265671,乔抖妈die
229.844,普通弹幕,中,紫,1599568530,0,b5296e62,37972268980633603,哔哩哔哩 - ( ゜- ゜)つロ 乾杯~ 
1307.41,普通弹幕,中,黄,1599568245,0,b640ffb4,37972119596302343,专业团队出场
47.795,普通弹幕,中,白,1599562883,0,c9e2447f,37969308201517059,画质感人
702.959,普通弹幕,中,白,1599561701,0,17150f04,37968688770973701,泪爷开始看剧的开始
393.94,普通弹幕,中,白,1599561347,0,17150f04,37968503195566083,光子不坏的
169.851,普通弹幕,中,蓝,1599561313,0,dd5bb1f2,37968485448941571,bilibili- ( ゜- ゜)つロ 乾杯~
174.206,普通弹幕,中,白,1599555966,0,1ac037af,37965681684119557,哔哩哔哩哔哩哔哩
1043.269,底部弹幕,中,黑,1599555450,0,524dc646,37965411521658885,呱呱
1019.132,底部弹幕,中,黑,1599555425,0,524dc646,37965398303834119,呱呱呱
1371.828,普通弹幕,中,白,1599554708,0,43f66ae,37965022220517381,-+··
552.688,普通弹幕,中,白,1599552876,0,d3dc41d5,37964061890576387,恒温死神和LV.6的剧本大神泪爷
157.809,普通弹幕,中,白,1599549129,0,e33300c8,37962097458937861,原来这歌是出自这部番，可以的
618.695,普通弹幕,中,白,1599546290,0,78f92441,37960609181466631,慢羊羊也是
50.339,普通弹幕,中,白,1599545759,0,2b45a3b4,37960330593697799,不是魔法禁书目录吗
63.059,普通弹幕,中,白,1599543377,0,e0e986a4,37959081408856067,安心
226.393,普通弹幕,中,白,1599543082,0,d7d3cd24,37958927134490629,哔哩哔哩 (゜-゜)つロ 干杯~
1204.86,普通弹幕,中,白,1599541286,0,f978d26d,37957985227505671,末影人直呼内行
197.967,底部弹幕,中,白,1599539356,0,e3b9caf1,37956973277741059,哔哩哔哩( ゜- ゜)つロ乾杯
188.632,普通弹幕,中,白,1599539345,0,e3b9caf1,37956967531544581,哔哩哔哩( ゜- ゜)つロ乾杯
51.854,普通弹幕,中,白,1599537968,0,5d89cb79,37956245575434245,众多周之，学院都市很安全
951.518,普通弹幕,中,红,1599537236,0,138169de,37955861863202821,前方夏娜，吉田客串
968.937,普通弹幕,中,白,1599525248,0,2ef6a745,37949576812429315,嘻嘻嘻呱
62.844,普通弹幕,中,白,1599524219,0,c375569,37949037105643525,C++
465.556,普通弹幕,中,白,1599510099,0,3c4be5b1,37941634295922693,下次一定
147.508,普通弹幕,中,白,1599502551,0,e0087984,37937676958564359,咋哇路多
471.404,普通弹幕,中,白,1599499991,0,c55aed69,37936334650212359,这么牛一方还能吊打？
1335.635,普通弹幕,中,红,1599499367,0,261dc8e1,37936007667515399,上一个无敌的已经失去思考了
858.857,普通弹幕,中,白,1599495166,0,229e27cd,37933805045022725,不忘初心
167.722,普通弹幕,中,白,1599493386,0,235f09d4,37932871764672515,哔哩哔哩 干杯
132.012,普通弹幕,中,白,1599489059,0,353ba6f5,37930603361861635,这是热心市民，一般群众是一方通行
197.823,普通弹幕,中,粉,1599488986,0,3ca36ac1,37930565299601415,哔哩哔哩 - ( ゜- ゜)つロ 干杯~
943.742,普通弹幕,中,白,1599488697,0,298a1db4,37930413352026119,老傲娇了(●°u°●)​ 」
470.41,普通弹幕,中,白,1599488174,0,298a1db4,37930139320320007,已投币
66.508,普通弹幕,中,白,1599487758,0,298a1db4,37929921303019527,老安全了
953.958,普通弹幕,中,白,1599486583,0,26c38701,37929305282969605,夏娜乱入
596.432,普通弹幕,中,黄,1599483295,0,400d5016,37927581523640325,身体检查
675.859,普通弹幕,中,白,1599482806,0,174e6a63,37927325217062917,泪爷预判失误
537.726,普通弹幕,中,白,1599482640,0,174e6a63,37927237928353795,是那个熟悉的声音！熟悉的“~”！
763.588,普通弹幕,中,黄,1599482624,0,aefb4255,37927229398712327,FBI，OPEN THE DOOR
1236.229,普通弹幕,中,白,1599482537,0,4e66192e,37927184231825411,奏它
1000.289,普通弹幕,中,白,1599482269,0,4e66192e,37927043420651525,失去梦想
940.569,普通弹幕,中,白,1599482178,0,4e66192e,37926995775455235,老傲娇了
922.669,普通弹幕,中,白,1599482147,0,4e66192e,37926979680337923,呱呱呱呱
761.349,普通弹幕,中,白,1599481970,0,4e66192e,37926886666403847,牛壁
273.314,普通弹幕,中,红,1599481853,0,aefb4255,37926825189441541,危 贩卖机 危
712.063,底部弹幕,中,红,1599481853,0,6581da0a,37926825250783235,啊爷的...走错了
549.069,普通弹幕,中,白,1599481753,0,4e66192e,37926772833517575,明场面
613.737,底部弹幕,中,红,1599481718,0,6581da0a,37926754777038853,滨面仕上，上条当麻，佐天泪子，学园都市三大最强无能力者
1405.642,普通弹幕,中,白,1599481241,0,b2a96664,37926504305786887,正道の光が大地を照らした
984.853,普通弹幕,中,白,1599480094,0,aff80a0c,37925902949548037,注意看，夏娜在前面
0.0,普通弹幕,中,白,1599480083,0,bea50d92,37925897329704967,安全
1059.974,普通弹幕,中,白,1599477470,0,bf11bfaa,37924527484698631,"？""""""""""""""""""""?0"
709.437,普通弹幕,中,白,1599476866,0,87a1ff01,37924210751832071,だいちゃん。だいちゃん。
229.041,普通弹幕,中,白,1599476833,0,3d10bcce,37924193317683205,哔哩哔哩 - ( ゜- ゜)つロ 乾杯~
1233.169,普通弹幕,中,白,1599473869,0,f57e8644,37922639673556997,一发入魂
1173.209,普通弹幕,中,白,1599473804,0,f57e8644,37922605141852167,洒洒水啦
1077.114,普通弹幕,中,白,1599473689,0,f57e8644,37922545304338437,前方高能
868.308,普通弹幕,中,白,1599473429,0,f57e8644,37922408550105095,安全裤也更安全
814.061,普通弹幕,中,白,1599473367,0,f57e8644,37922376472592391,这货绝壁姐控
666.559,普通弹幕,中,白,1599473207,0,f57e8644,37922292476936199,长盘台？
165.799,普通弹幕,中,白,1599472990,0,5af16739,37922178443247623,bilibili- ( ゜- ゜)つロ 乾杯~
159.041,普通弹幕,中,白,1599472776,0,44db7cbe,37922066392940547,bilibili- ( ゜- ゜)つロ 乾杯~
1462.159,普通弹幕,中,白,1599472505,0,9d0eeee1,37921924178771973,泪爷是刀剑神域优衣的配音啊
176.485,普通弹幕,中,白,1599468521,0,c6e084ae,37919835595735047,哔哩哔哩干杯
185.702,普通弹幕,中,红,1599467877,0,4f0151ce,37919498048634883,哔哩哔哩，干杯
604.654,普通弹幕,中,白,1599467828,0,52074932,37919471975268355,哈哈哈
583.243,普通弹幕,中,白,1599467806,0,52074932,37919460679483399,高精度狙击枪啊
964.505,普通弹幕,中,白,1599465689,0,8e8fc868,37918350878703621,日本人就是喜欢排队
537.956,底部弹幕,中,红,1599462389,0,57a84b65,37916620849414149,爱生！
260.008,底部弹幕,中,红,1599462109,0,57a84b65,37916473930285061,爱生
119.592,普通弹幕,中,白,1599462024,0,57a84b65,37916429493731335,这是爱生吧
932.804,普通弹幕,中,绿,1599460530,0,9d99d04e,37915646185439237,孤寡  孤寡
466.579,底部弹幕,中,白,1599459206,0,e4a86c0e,37914951899152391,男主？美琴啊（bushi）
193.401,普通弹幕,中,红,1599457545,0,31472d45,37914081185234951,哔哩哔哩 - ( ゜- ゜)つロ 乾杯~
582.492,普通弹幕,中,粉,1599456020,0,21f0ef21,37913281373405187,哈哈哈哈，理尚往来
1300.148,普通弹幕,中,白,1599454748,0,86a74055,37912614766379013,一路走好
1245.048,普通弹幕,中,白,1599454688,0,86a74055,37912582824132613,危！
375.658,底部弹幕,中,白,1599453724,0,db6e40b5,37912077576699911,甲基妹都
367.721,底部弹幕,中,白,1599453707,0,db6e40b5,37912068707844099,女校女校别问了没有男的
1352.515,普通弹幕,中,白,1599452616,0,70b0c20,37911496612642819,上一个无敌的已经飞到天上去了
250.338,普通弹幕,中,白,1599452478,0,73107314,37911424647299075,这有男主？
176.976,普通弹幕,中,白,1599449527,0,f3a1ff44,37909877375893511,泪目
158.369,底部弹幕,中,红,1599449480,0,67f9e194,37909852489515013,bilibili- ( ゜- ゜)つロ 乾杯~
156.289,底部弹幕,中,红,1599449473,0,67f9e194,37909848881364995,bilibili- ( ゜- ゜)つロ 乾杯~
222.744,普通弹幕,中,白,1599448915,0,2e54df6,37909556231667717,哔哩哔哩(゜-゜)つロ 干杯~
1.079,普通弹幕,中,白,1599445412,0,5d89cb79,37907719649755139,莱茵克丝洗澡歌
617.587,普通弹幕,中,白,1599444975,0,1d7a6b06,37907490737750023,当麻
166.1,普通弹幕,中,白,1599439460,0,5607aa5b,37904599027286019,哔哩哔哩( ゜- ゜)つロ乾杯
467.426,普通弹幕,中,白,1599431455,0,d616d0f8,37900402380242947,上次给了
186.499,普通弹幕,中,白,1599430504,0,a9be66d,37899903874105347,哔哩哔哩干杯
6.967,普通弹幕,中,白,1599429875,0,cc1ef013,37899574048194563,啊？
189.422,底部弹幕,中,红,1599419743,0,2e03fbae,37894261929672711,哔哩哔哩(゜-゜)つロ乾杯~
1126.702,普通弹幕,中,白,1599410295,0,1848a6d3,37889308265807875,死于嘲讽耽误时间
719.02,普通弹幕,中,白,1599409838,0,1848a6d3,37889068553469955,哇哇男主
184.299,普通弹幕,中,白,1599407615,0,176ca0d5,37887903219580931,bilibili-( ゜ -゜)つロ 乾杯~
0.44,普通弹幕,中,白,1599406126,0,313465ab,37887122456182787,电脑配件梗出处
244.18,普通弹幕,中,白,1599403699,0,189d8e6e,37885850060062725,碧翠丝
125.578,底部弹幕,中,黄,1599402086,0,ac68f1ce,37885004688654341,还有哥谭市
1112.362,普通弹幕,中,白,1599401950,0,4df6932c,37884933286920195,热心市民上条太太
1181.074,底部弹幕,中,黄,1599401663,0,4fd4ca41,37884782604976131,史神父
899.632,普通弹幕,中,白,1599401222,0,6edffdb8,37884551489388551,为什么打下去是钢铁的声音
167.675,普通弹幕,中,白,1599400345,0,6edffdb8,37884091953053703,bgm好听
63.665,普通弹幕,中,白,1599400242,0,6edffdb8,37884037530910723,老解说员了
1243.854,普通弹幕,中,红,1599399713,0,c90d4075,37883760353476611,危危危危危危危危危危危危危危危危危危危
687.415,普通弹幕,中,白,1599399325,0,c73d8dd8,37883556948606981,黑子只是爱慕别扯性取向
784.978,普通弹幕,中,白,1599399226,0,eebb0750,37883504935567365,众所周知，炮姐是常盘台的校草
556.486,普通弹幕,中,白,1599398895,0,22c1d27,37883331384180741,这叫爆破手
181.14,普通弹幕,中,白,1599398448,0,b0c283c7,37883097270190087,。。
175.88,普通弹幕,中,白,1599398440,0,b0c283c7,37883092882948101,。。。
322.342,普通弹幕,中,红,1599398260,0,d669789a,37882998805757957,没有男主吗？
172.82,普通弹幕,中,红,1599398149,0,d669789a,37882940343451655,没有男主？
60.82,普通弹幕,中,白,1599398046,0,d669789a,37882886472335367,拿肾肝
124.369,普通弹幕,中,白,1599397599,0,1edd2a2d,37882652083617799,刻在DNA里的声线
459.262,普通弹幕,中,白,1599397113,0,acc8b07,37882396933095429,暗示投币
119.138,普通弹幕,中,白,1599397059,0,7e4b2c86,37882368800849927,刚从Re0过来
154.374,普通弹幕,中,白,1599396253,0,4e841b9f,37881946186448903,这歌好听
170.073,普通弹幕,中,白,1599396231,0,d5f25efc,37881934753824775,哔哩哔哩( ゜- ゜)つロ乾杯
762.333,普通弹幕,中,白,1599395236,0,68b80d31,37881412879122439,思想很危险
196.88,普通弹幕,中,白,1599394376,0,b86f1251,37880962277179395,哔哩哔哩 - ( ゜- ゜)つロ 乾杯~
184.94,普通弹幕,中,白,1599394335,0,b86f1251,37880940686999557,哔哩哔哩(◦˙▽˙◦)乾杯
633.134,普通弹幕,中,白,1599394081,0,caf54751,37880807302889479,狙击手下去，来人把朕的15倍镜拿上来
137.734,普通弹幕,中,白,1599393538,0,bb67e1a2,37880523146657799,哦内撒嘛
1422.419,普通弹幕,中,白,1599393238,0,fc3c8b16,37880365561937923,正道の光が大地に当たった
530.782,普通弹幕,中,白,1599389949,0,a734e371,37878641013555205,又是nds游戏机
483.717,普通弹幕,中,白,1599389522,0,9e6b660b,37878417083334663,羡慕摄影师
1122.858,普通弹幕,中,红,1599389465,0,2fe77002,37878387437469701,危危危危危危危危危危危危危危危危危危危危危危危危危危危危危危危
1109.898,普通弹幕,中,红,1599389442,0,2fe77002,37878375170703365,危危危危危危危危危危危危危危危危危危危危危危
165.19,普通弹幕,中,白,1599388875,0,361fb725,37878078386995207,bilibili- ( ゜- ゜)つロ 乾杯~ 
476.141,普通弹幕,中,白,1599388530,0,bb6e1c10,37877897011134469,绅士天堂
226.752,普通弹幕,中,白,1599388158,0,41beb826,37877702373408773,哔哩哔哩 - ( ゜- ゜)つロ 乾杯~ 
745.296,底部弹幕,中,红,1599386434,0,42329fb0,37876798345183239,前方高能
811.102,普通弹幕,中,白,1599384906,0,7283122e,37875997213196291,⁡⁢⁡⁢ㅤ⁡
793.083,普通弹幕,中,白,1599384862,0,7283122e,37875974220546053,⁡⁢⁡⁢ㅤ⁡
651.881,普通弹幕,中,白,1599383865,0,a6fed473,37875451365425155,lostriver
723.38,普通弹幕,中,白,1599381278,0,8907d780,37874095273541635,...00【】
752.167,普通弹幕,中,白,1599381216,0,9c7d5b7,37874062581563397,瓜真好吃
202.623,普通弹幕,中,白,1599380561,0,c95d2d07,37873719176069127,哔哩哔哩 - ( ゜- ゜)つロ 乾杯~
703.619,普通弹幕,中,白,1599380268,0,ce679c49,37873565448536069,哈哈哈
593.688,普通弹幕,中,白,1599379554,0,ce679c49,37873191145177093,好纠结
1077.85,普通弹幕,中,白,1599378866,0,c540eca9,37872830667292675,这个饼吃的太逗了
215.299,普通弹幕,中,白,1599378800,0,ff0372e,37872795955757063,哔哩哔哩-(゜-゜)つロ乾杯~
146.057,普通弹幕,中,白,1599376889,0,197a4afb,37871793867849735,哔哩哔哩烧酒
493.881,普通弹幕,中,白,1599376875,0,f62300ce,37871786909499399,awsl
71.217,普通弹幕,中,白,1599376802,0,197a4afb,37871748209180675,习惯就好
907.325,普通弹幕,中,蓝,1599376544,0,b95bffb3,37871613152067589,哈哈哈哈哈
904.905,普通弹幕,中,绿,1599376536,0,b95bffb3,37871608978735109,呱太
1027.48,普通弹幕,中,白,1599376021,0,52d0694e,37871338989289475,纳豆。。。。。
963.119,普通弹幕,中,白,1599375071,0,cff6f23d,37870841009012743,泪爷现在在偷看剧本
234.572,普通弹幕,中,白,1599374950,0,b95bffb3,37870777578553347,哔哩哔哩哔哩哔哩乾杯O(∩_∩)O^O^
1408.157,普通弹幕,中,白,1599374427,0,6455c3a6,37870503137378307,说喵内那个……
1247.628,普通弹幕,中,白,1599374244,0,6455c3a6,37870407280230403,哦豁
1251.596,普通弹幕,中,白,1599374236,0,59efbde0,37870402918154245,危！
221.129,普通弹幕,中,白,1599373934,0,c44ec07d,37870244693803015,哔哩哔哩（゜-゜)つロ 乾杯～～
775.739,普通弹幕,中,白,1599373724,0,6455c3a6,37870134435512327,敢读啊
23.825,普通弹幕,中,白,1599373658,0,ef37c012,37870100116144133,这个讲的什么
172.036,普通弹幕,中,白,1599373584,0,c2369b46,37870061408485443,牛壁神曲不多几次
367.743,普通弹幕,中,白,1599373102,0,6455c3a6,37869808564305925,百合……
335.272,普通弹幕,中,白,1599373070,0,6455c3a6,37869791529140227,09点
293.358,普通弹幕,中,白,1599373000,0,6455c3a6,37869755032403973,有道理
328.112,普通弹幕,中,白,1599372621,0,4208e64,37869556263288835,这不是安全裤  是平时运动外穿的短裤
468.708,底部弹幕,中,黄,1599372600,0,9571c2d4,37869545266872327,明示投币
98.911,普通弹幕,中,白,1599372524,0,6455c3a6,37869505424130053,传说中的白井黑子
1249.069,普通弹幕,中,白,1599372193,0,10de250d,37869331844956163,大哥一路走好
17.88,底部弹幕,中,红,1599372062,0,9571c2d4,37869263097692165,众所周知，小混混是学园都市的高危职业
951.489,普通弹幕,中,白,1599371881,0,10de250d,37869168369336325,噗哈哈哈哈哈，光速打脸
823.156,普通弹幕,中,白,1599371689,0,10de250d,37869067600658439,奇怪的知识又增加了
1.52,普通弹幕,中,白,1599371510,0,9ffbcd8d,37868973663977479,经典老番
579.157,普通弹幕,中,白,1599371422,0,10de250d,37868927658754053,礼尚往来
501.036,普通弹幕,中,白,1599371318,0,10de250d,37868873010118661,报告:这里全是防弹衣，完全无法瞄准
305.764,普通弹幕,中,白,1599371003,0,10de250d,37868708041850885,狙击手:是不是玩不起
1048.566,普通弹幕,中,白,1599370627,0,5b486a2e,37868510989254661,教主呢
26.626,普通弹幕,中,白,1599370256,0,10de250d,37868316538699783,阿巴阿巴阿巴阿巴阿巴阿巴阿巴
1187.658,普通弹幕,中,蓝,1599369091,0,a6b24891,37867705675546629,波风水门
72.819,普通弹幕,中,白,1599368399,0,42cef235,37867342689992711,众所周知。。。
61.809,普通弹幕,中,白,1599368388,0,42cef235,37867336804859911,钞能力
1195.266,普通弹幕,中,白,1599368319,0,6fc0e07c,37867300935696389,佩恩直呼内行
688.99,底部弹幕,中,红,1599368080,0,573bbb60,37867175659700231,啊，这
1314.774,普通弹幕,中,蓝,1599367410,0,5f298eee,37866824449130499,愿天堂没有硬币愿天堂没有硬币愿天堂没有硬币愿天堂没有硬币愿天堂没有硬币愿天堂没有硬币
1314.774,普通弹幕,中,蓝,1599367401,0,5f298eee,37866819710091269,上一个无敌的已经带娃了上一个无敌已经带娃去了上一个无敌的正在带娃上一个无敌的正在带娃
1314.774,普通弹幕,中,蓝,1599367370,0,5f298eee,37866803190824963,狙击手：居然穿了安全裤，任务失败，快撤狙击手:散了散了，有安全裤这安全裤措不及防啊
956.167,普通弹幕,中,白,1599367024,0,fadeebb5,37866621873684483,夏娜！
1065.223,普通弹幕,中,蓝,1599366723,0,5f298eee,37866464147931139,姐控确定姐控确定姐控确定姐控确定姐控确定姐控确定重度姐控重度姐控重度姐控重度姐控重度姐控
62.121,底部弹幕,中,红,1599366583,0,e2848ae0,37866390525313027,J      A      V      A
1306.865,普通弹幕,中,白,1599366376,0,809ca159,37866282207936519,俄国陆军的肯定
808.77,普通弹幕,中,蓝,1599366080,0,5f298eee,37866126830993411,配音室里欢乐多配音室里欢乐多配音室里欢乐多配音室里欢乐多配音室里欢乐多配音室里欢乐多配音室里欢乐多
183.18,普通弹幕,中,白,1599365878,0,e34f2933,37866021212651527,哔哩哔哩( ゜- ゜)つロ 乾杯、
1303.003,普通弹幕,中,白,1599365872,0,2953cc8b,37866017957347333,破坏公物 罚款500
766.92,普通弹幕,中,蓝,1599365871,0,5f298eee,37866017334493187,哈哈这邪恶的笑声哈哈这邪恶的笑声哈哈这邪恶的笑声哈哈这邪恶的笑声哈哈这邪恶的笑声哈哈这邪恶的笑声
766.92,普通弹幕,中,蓝,1599365866,0,5f298eee,37866014697848835,电脑配件的来源电脑配件的来源电脑配件的来源电脑配件的来源电脑配件的来源电脑配件的来源电脑配件的来源
766.92,普通弹幕,中,蓝,1599365851,0,5f298eee,37866007001300997,一个真敢写，一个真敢读，两人不愧是好姐妹啊一个真敢写，一个真敢读，两人不愧是好姐妹啊
1125.657,普通弹幕,中,白,1599365640,0,2953cc8b,37865896195653699,快跑，不然来不及了
904.129,普通弹幕,中,白,1599365165,0,e34f8d6e,37865647079686149,出现了 呱太的预兆
550.789,普通弹幕,中,蓝,1599365142,0,5f298eee,37865635381772293,所以要学学炮姐所以要学学炮姐所以要学学炮姐所以要学学炮姐所以要学学炮姐所以要学学炮姐所以要学学炮姐
182.2,普通弹幕,中,红,1599365031,0,1b7617f0,37865576748548103,哔哩哔哩（゜-゜)つロ 乾杯～～
543.172,普通弹幕,中,白,1599364864,0,e34f8d6e,37865489295736839,棒！
275.09,普通弹幕,中,白,1599364794,0,fadeebb5,37865452794281989,滞空回线
469.8,普通弹幕,中,蓝,1599364740,0,5f298eee,37865424257810437,炮姐用的游戏币哟炮姐用的游戏币哟炮姐用的游戏币哟炮姐用的游戏币哟炮姐用的游戏币哟炮姐用的游戏币哟
469.8,普通弹幕,中,蓝,1599364706,0,5f298eee,37865406750261251,暗示投币暗示投币暗示投币暗示投币暗示投币暗示投币暗示投币暗示投币暗示投币暗示投币
271.433,普通弹幕,中,白,1599364391,0,e34f8d6e,37865241433866243,复活科医生呱太主宰了这部番
343.617,普通弹幕,中,白,1599364183,0,2953cc8b,37865132281298949,bgm：hop
232.417,普通弹幕,中,红,1599363554,0,aa57a566,37864802699706371,精准降落
1265.641,普通弹幕,中,白,1599363475,0,7a5339d3,37864761020907523,兄弟走好
1007.909,普通弹幕,中,绿,1599363447,0,a068d9f1,37864746408476675,某科学的冥土追魂
501.914,普通弹幕,中,白,1599362776,0,a068d9f1,37864394467049479,道具师跟乌鸦哥一桌
82.139,普通弹幕,中,粉,1599362581,0,5f298eee,37864292684922887,真是安全真安全安全极了
15.821,普通弹幕,中,粉,1599362397,0,5f298eee,37864196069654661,小混混一路走好小混混一路走好小混混一路走好小混混一路走好小混混一路走好小混混一路走好小混混一路走好
221.715,底部弹幕,中,红,1599362352,0,9bc26ae,37864172406964227,哔哩哔哩 - ( ゜- ゜)つロ 乾杯~
202.172,底部弹幕,中,黄,1599362332,0,9bc26ae,37864162164473863,哔哩哔哩 - ( ゜- ゜)つロ 乾杯~
397.066,普通弹幕,中,白,1599362291,0,a068d9f1,37864140414386181,婚后一血
1316.058,普通弹幕,中,白,1599362102,0,b30f2f3d,37864041591865347,安全裤差评
287.46,普通弹幕,中,白,1599362025,0,f0589fcf,37864001102151749,万恶的安全裤……
162.598,普通弹幕,中,白,1599361012,0,8f09f4b8,37863469856325639,哔哩哔哩 - ( ゜- ゜)つロ 乾杯~
166.07,普通弹幕,中,白,1599360492,0,a068d9f1,37863196968091653,泪爷
103.336,普通弹幕,中,粉,1599359205,0,53aa5c34,37862522249805827,回眸一笑百媚生，白井黑子误终生
173.621,普通弹幕,中,白,1599358933,0,4dca3766,37862380132106245,哔哩哔哩|•'-'•)و✧干杯
187.26,普通弹幕,中,白,1599358727,0,2f803ce4,37862271762825221,bilibili- ( ゜- ゜)つロ 乾杯~ 
1102.556,普通弹幕,中,蓝,1599357952,0,38c892b8,37861865564930051,抢劫犯装备太简陋了吧
1263.206,普通弹幕,中,白,1599357441,0,47b16c0a,37861597706190855,强行解说
881.033,普通弹幕,小,紫,1599357092,0,edfbb5be,37861414731776003,阿巴阿巴
182.825,普通弹幕,中,黄,1599356542,0,ab036fe5,37861126503399429,哔哩哔哩( ゜- ゜)つロ乾杯
233.367,普通弹幕,中,白,1599356074,0,da5e2ef4,37860881066360835,哔哩哔哩-(゜-゜)つロ乾杯~
64.348,普通弹幕,中,红,1599355712,0,bf5d098d,37860691317620739,砸瓦路托!
344.34,普通弹幕,中,白,1599355658,0,6a3e3ffd,37860662649028615,女子学院？！？！
1433.489,普通弹幕,中,红,1599355494,0,ac1f04e4,37860576759644163,这里的男主不是炮姐就是呱呱太
209.429,普通弹幕,中,白,1599355362,0,ab78de73,37860507763343365,哔哩哔哩干杯
175.378,普通弹幕,中,白,1599355342,0,fafb13c4,37860497006526469,bilibili －(    ° -  °)っロ  乾杯~
1221.899,普通弹幕,中,红,1599355132,0,ac1f04e4,37860386901327875,黑子也很强的
1211.899,普通弹幕,中,红,1599355109,0,ac1f04e4,37860374915579909,黑子可以做到
443.921,普通弹幕,中,白,1599355079,0,d7b6e62e,37860359339507717,没贝蒂魔性
1140.582,普通弹幕,中,红,1599355011,0,ac1f04e4,37860323456712711,合气道合气道
1136.062,普通弹幕,中,红,1599355003,0,ac1f04e4,37860319264505863,这是合气道？
184.553,普通弹幕,中,白,1599354998,0,2b31f56,37860316627861511,bilibili- ( ゜- ゜)つロ 乾杯~ 
1118.905,普通弹幕,中,红,1599354976,0,ac1f04e4,37860305264443395,黑子高能！！！！帅气！！！
1022.702,普通弹幕,中,红,1599354910,0,ac1f04e4,37860270765244423,泪爷跟初春吃的好可爱！！！
926.518,普通弹幕,中,红,1599354803,0,ac1f04e4,37860214758703109,看黑子宠溺的笑！！！！！！！
1077.659,普通弹幕,中,白,1599354766,0,ac1f04e4,37860195050717191,看黑子吃饼
1076.261,普通弹幕,中,白,1599354752,0,ac1f04e4,37860188010577923,看黑子吃饼
1023.225,普通弹幕,中,红,1599354656,0,ac1f04e4,37860137323462659,泪爷跟初春吃的好可爱！！！！
1015.27,普通弹幕,中,红,1599353994,0,ac1f04e4,37859790310342661,开心死了
865.817,普通弹幕,中,红,1599353719,0,ac1f04e4,37859646287380485,这是外传，没男主，要有男主也是炮姐，要看教主去魔禁
850.537,普通弹幕,中,红,1599353660,0,ac1f04e4,37859615568297991,黑子太可爱了
381.894,普通弹幕,中,红,1599352865,0,ac1f04e4,37859198621974531,先说昂，要看教主可以去魔禁，众所周知超炮里没有男主，戏份少的很
195.684,普通弹幕,中,红,1599352447,0,ac1f04e4,37858979139289095,这里男主，要看男的就去魔禁
1246.017,普通弹幕,中,白,1599351534,0,f18ac60a,37858500658855943,危——————
702.98,普通弹幕,中,白,1599351520,0,d936c26b,37858493296803843,百合无限好，只是生不了
195.019,普通弹幕,中,白,1599350642,0,53c0e2dc,37858032888053763,魔禁找炮姐，超炮找当麻，惯例
195.086,普通弹幕,中,白,1599349274,0,20b80ea3,37857315640049671,哔哩哔哩( ゜- ゜)つロ 乾杯、
134.38,普通弹幕,中,白,1599333431,0,7a6def4d,37849009309089795,人越是看炮姐就越会沉迷
130.02,普通弹幕,中,白,1599333406,0,7a6def4d,37848996460888069,人越是看炮姐就越沉迷
224.083,普通弹幕,中,白,1599330152,0,4e66918a,37847290276216835,哔哩哔哩 - ( ゜- ゜)つロ 乾杯~
1035.991,普通弹幕,中,白,1599327820,0,4a91f9ed,37846067754565637,这部番没男主的吗。。。
751.722,底部弹幕,中,红,1599326655,0,30244046,37845456666492933,危险的黑子
1299.225,普通弹幕,中,白,1599326261,0,f5b3a9e9,37845250509111303,bilibili
1092.889,普通弹幕,中,白,1599326048,0,f5b3a9e9,37845138687393797,帅啊
157.417,普通弹幕,中,白,1599325143,0,f5b3a9e9,37844664140169221,bilibili
150.884,底部弹幕,中,红,1599322239,0,816e879c,37843141657624579,哔哩哔哩-(゜-゜)つロ乾杯~
535.337,普通弹幕,中,白,1599321894,0,7d0a0874,37842960650862599,男主哪去了
373.217,普通弹幕,中,白,1599321724,0,7d0a0874,37842871904632835,飞机场
333.217,普通弹幕,中,白,1599321681,0,7d0a0874,37842849261158403,话说男主是谁
1171.462,普通弹幕,中,红,1599321673,0,6270c4d7,37842844720300037,草薙京直呼内行
1493.204,普通弹幕,中,白,1599320864,0,1e6b4903,37842420991262727,上琴g
510.227,底部弹幕,中,红,1599320847,0,1937e75,37842412033802243,钢板直呼内行
39.782,普通弹幕,中,红,1599319647,0,8ff6b705,37841782804316165,众所周知学园都市很安全
312.4,普通弹幕,中,白,1599319460,0,b57bab71,37841684598358019,裙子里短裤。。。
188.48,普通弹幕,中,白,1599319233,0,dee7c3f3,37841565641605123,哔哩哔哩( ゜- ゜)つロ 乾杯
354.301,普通弹幕,中,白,1599319171,0,df1aac5a,37841533408903175,有男主吗？
157.162,普通弹幕,中,白,1599318519,0,8a4942c0,37841191496056835,原来就是这个bgm
1321.696,普通弹幕,中,红,1599318474,0,e00c2c8,37841167708061701,上一个无敌的已经秃了
1198.141,普通弹幕,中,白,1599317839,0,fb0fa52d,37840834879553543,这个腿真是爱了
1128.233,普通弹幕,中,白,1599317696,0,fb0fa52d,37840759687217157,反派死于话多
442.673,普通弹幕,中,白,1599317525,0,e00c2c8,37840670287200263,扉间施术中
1251.012,普通弹幕,中,红,1599317098,0,a7ef99ae,37840446574559235,危危危危危危危危危危危危
953.794,普通弹幕,中,白,1599316167,0,76eae26d,37839958438838275,排队的人中有吉田和夏娜
172.593,普通弹幕,中,白,1599315919,0,4c7cac0f,37839828301643779,两百个赞(/≧▽≦/)
347.213,普通弹幕,中,白,1599315859,0,489a391e,37839796438564869,狙击手啊，炊事班就为
569.11,普通弹幕,中,白,1599315568,0,346b8539,37839644314304517,情务必这样做
1204.556,普通弹幕,中,红,1599314716,0,75ff4a2,37839197199400963,驾驾驾
485.422,普通弹幕,中,黄,1599314703,0,2ca9f9d0,37839190856040455,◥◣◥◣◥◣◥◣◥◣◥◣◥◣◥◣◥◣WARNING◥◣◥◣◥◣◥◣◥◣◥◣◥◣◥◣◥
479.102,普通弹幕,中,黄,1599314693,0,2ca9f9d0,37839185629413381,◥◣◥◣◥◣◥◣◥◣◥◣◥◣◥◣◥◣WARNING◥◣◥◣◥◣◥◣◥◣◥◣◥◣◥◣◥
170.859,普通弹幕,中,黄,1599314387,0,2ca9f9d0,37839024898441221,哔哩哔哩(゜-゜)つロ 干杯~
157.62,普通弹幕,中,白,1599314368,0,2ca9f9d0,37839015200161799,哔哩哔哩(゜-゜)つロ 干杯~
178.481,普通弹幕,中,白,1599313786,0,a7e3f73c,37838709926133767,就连神父也……哎算了
1244.387,普通弹幕,中,白,1599313581,0,ffc3beb3,37838602598612997,危危危
1159.718,普通弹幕,中,白,1599312892,0,c8c5c8c8,37838240936361991,在超能力城市抢银行不就是找打么
1411.277,普通弹幕,中,白,1599312157,0,86d57610,37837855679053829,啊哦
353.574,普通弹幕,中,白,1599311888,0,c8c5c8c8,37837714521325571,这是超能力者的身体测试？这么近。。。。。。
1348.944,普通弹幕,中,白,1599311342,0,f4ab51a6,37837428336099331,一方能力限制太大了 ，如果不是一方计算力无敌，矢量操作挺一般的
1230.425,普通弹幕,中,白,1599311223,0,f4ab51a6,37837366184378371,主要i是黑子她们都是光面的，不下杀手吗，不然空间大能力者很强
1154.185,普通弹幕,中,白,1599311147,0,f4ab51a6,37837326218428419,空间的LV4其实已经站在学园都市顶点了
487.18,普通弹幕,中,白,1599311097,0,a2c58bfc,37837300216365059,想看唉
1051.177,普通弹幕,中,白,1599311044,0,f4ab51a6,37837272202608647,众所周知，除了夹得不一样，可丽饼和煎饼果子区别不大
443.025,普通弹幕,中,白,1599310778,0,3facbd84,37837132760875013,卖鱼强：艸
637.049,普通弹幕,中,白,1599310630,0,f4ab51a6,37837055056674821,众所周知 上一个无能力者已经开始养魔神了
355.265,普通弹幕,中,白,1599310348,0,f4ab51a6,37836907323850757,常盘庄吾那个是魔鬼吧
193.42,普通弹幕,中,白,1599310213,0,2f9886d4,37836836744724483,哔哩哔哩 - (゜- ゜)つロ 乾杯~
166.547,普通弹幕,中,红,1599309159,0,31a92549,37836284079112197,哔哩哔哩
773.52,普通弹幕,中,白,1599308950,0,1bf02c42,37836174134870021,工具人
20.712,普通弹幕,中,白,1599308866,0,e7160c48,37836130365210631,小混混 危
956.126,普通弹幕,中,白,1599308602,0,afd04df5,37835991957372999,23333
1211.842,普通弹幕,中,白,1599307984,0,d37797b7,37835668059062279,这么找 孩子是狗吗
172.426,普通弹幕,中,白,1599307964,0,ba50b658,37835657428074565,哔哩哔哩干杯
550.281,普通弹幕,中,白,1599307150,0,d37797b7,37835230486724613,狙击手不用报告了 盲人都看到了
507.503,普通弹幕,中,白,1599307045,0,d37797b7,37835175892615171,（这里手速加快
333.926,普通弹幕,中,白,1599306852,0,d349de0c,37835074588114947,哈哈
1033.037,普通弹幕,中,白,1599306779,0,fcee872d,37835035883601925,蛋烘糕
104.296,普通弹幕,中,白,1599306001,0,73ce8bf4,37834628065132547,电脑配件
1325.996,普通弹幕,中,白,1599304564,0,64cb20df,37833875109969925,拆迁队啊
116.719,普通弹幕,中,绿,1599302805,0,ffbffe92,37832952572280839,众所周知主角马上就要上场了
53.079,普通弹幕,中,绿,1599302696,0,ffbffe92,37832895754665991,众所周知 这是有事发生的时间了
223.158,普通弹幕,中,白,1599301930,0,3a5dec56,37832493752123395,哔哩哔哩干杯
1249.479,普通弹幕,中,白,1599300695,0,e3fff26d,37831846577307651,危危危
775.662,普通弹幕,中,白,1599300410,0,587c6957,37831697073438727,哈哈哈
56.934,普通弹幕,中,白,1599299918,0,660cfa5,37831439106965511,优乐美（幻听）
346.558,普通弹幕,中,白,1599299725,0,a571c162,37831338020044805,没男的吗
72.179,普通弹幕,中,白,1599299531,0,de47c1e1,37831236039737351,真-瞬间打脸
236.038,普通弹幕,中,黑,1599298350,0,2496d942,37830617007652869,qaq
135.778,普通弹幕,中,白,1599298046,0,fe99ec95,37830457645596679,啊啊啊
1445.39,普通弹幕,中,红,1599297920,0,e652b776,37830391343611907,情头情头
1416.794,普通弹幕,中,白,1599297281,0,a6c3a88b,37830056258043911,awsl
13.46,普通弹幕,中,白,1599297262,0,f7b42a50,37830046471684101,哇哦哇哦
1445.537,底部弹幕,中,深蓝,1599297001,0,d1d20034,37829909726363653,上一个无敌的，，还在海上，，漂流，，
55.591,普通弹幕,中,白,1599296885,0,58fee5d7,37829848934121475,怎么调画质
168.801,底部弹幕,中,红,1599296422,0,d3b3679e,37829605868437509,哔哩哔哩 - ( ゜- ゜)つロ 乾杯~
795.732,普通弹幕,中,黄,1599296180,0,6c503634,37829479181058051,变变变
1373.278,底部弹幕,中,黄,1599295741,0,1ea50e7a,37829248899088389,小男孩:嘿嘿嘿
229.142,普通弹幕,中,黄,1599295223,0,b8409be8,37828977323671559,爷跳了op
1187.526,普通弹幕,中,白,1599294101,0,646b6bc7,37828388993368069,动作指导：波风水门 宇智波带土
1171.166,普通弹幕,中,白,1599294054,0,646b6bc7,37828364418416647,出现了！拉肾肝对战神威
1267.349,普通弹幕,中,红,1599293959,0,8b9784de,37828314953940997,劫匪 危
225.958,普通弹幕,中,白,1599293918,0,b516c65a,37828293161910277,哔哩哔哩 - ( ゜- ゜)つロ 乾杯~
1169.374,普通弹幕,中,红,1599293861,0,8b9784de,37828263498219525,日本版本咏春
101.962,底部弹幕,中,红,1599289674,0,d18e5f5a,37826068069482499,黑子黑子黑子
61.841,普通弹幕,中,白,1599288616,0,9c221b2,37825513454043139,钞能力
82.279,底部弹幕,中,黄,1599287897,0,31a0f5fa,37825136449028101,踢桶既遂
56.782,底部弹幕,中,红,1599287847,0,31a0f5fa,37825110118236163,☜当个人??
172.948,普通弹幕,中,白,1599287741,0,ee07d510,37825054688411655,哔哩哔哩干杯
162.564,普通弹幕,中,红,1599286824,0,63d10d13,37824574027988997,bilibili- ( ゜- ゜)つロ 乾杯~
160.18,普通弹幕,中,红,1599286818,0,63d10d13,37824570738606085,bilibili- ( ゜- ゜)つロ 乾杯~
157.448,普通弹幕,中,红,1599286811,0,63d10d13,37824567247896583,bilibili- ( ゜- ゜)つロ 乾杯~
154.975,普通弹幕,中,红,1599286807,0,63d10d13,37824564958330883,bilibili- ( ゜- ゜)つロ 乾杯~
154.64,普通弹幕,中,红,1599286802,0,63d10d13,37824562691833859,bilibili- ( ゜- ゜)つロ 乾杯~
230.301,普通弹幕,中,白,1599286568,0,40420e67,37824439951294467,哔哩哔哩-(゜-゜)つロ乾杯~
213.399,普通弹幕,中,白,1599286545,0,40420e67,37824427497881607,哔哩哔哩-(゜-゜)つロ乾杯~
1308.754,普通弹幕,中,蓝,1599284919,0,c6db531b,37823575024992261,理论指导：法拉第
1094.867,普通弹幕,中,红,1599284240,0,a449694a,37823219210125315,老热心市民了
7.62,普通弹幕,中,粉,1599284098,0,a60a0324,37823144820998147,哔哩哔哩（゜-゜)つロ 乾杯～～
546.718,普通弹幕,中,白,1599283310,0,ad02a23c,37822731515330563,写作黑子，读作变态
54.781,普通弹幕,中,蓝,1599283220,0,c6db531b,37822684626681859,麦——克——斯——韦——方——程——组——！
449.759,底部弹幕,中,红,1599282788,0,ef0bd482,37822457773555717,爷爱了，投币了
26.26,普通弹幕,中,白,1599282673,0,f29e5bd9,37822397896196103,小混混是高危职业
555.354,普通弹幕,中,白,1599280791,0,8c6b632a,37821411100196869,脸部指导:蜡笔小新
170.299,普通弹幕,中,白,1599280733,0,a43f73e1,37821380501176389,初次观看
421.934,普通弹幕,中,白,1599280642,0,8c6b632a,37821332957167619,不是，她们穿的裤子有拉链口？
28.736,普通弹幕,中,白,1599280201,0,9cf1ea2a,37821101770801157,hh哈哈哈哈哈
238.822,普通弹幕,中,白,1599279628,0,5235b7a3,37820801238958087,呷哺呷哺
1005.185,普通弹幕,中,白,1599278929,0,903ba2ec,37820434672517125,一只失去梦想的野生御坂
869.231,普通弹幕,中,白,1599278832,0,903ba2ec,37820384046219267,一只失去梦想的野生黑子
87.426,普通弹幕,中,白,1599277657,0,3df148b9,37819767943856135,安全
548.349,普通弹幕,中,白,1599276578,0,2e452f85,37819201947172869,初春为什么不学炮姐穿安全裤呢？
1121.159,底部弹幕,中,红,1599273452,0,e405d8c0,37817563160248323,张――三――
461.44,普通弹幕,中,白,1599272239,0,397e509d,37816927275974661,hhhhhhhh
384.198,普通弹幕,中,白,1599272053,0,ddc6a6f7,37816829945053191,贫富差距
469.763,普通弹幕,中,红,1599269919,0,62a69df5,37815710901075971,这次一定
